3.5 P0

x1 = np.array([
0, 10, 20, 30, 40, 50, 60, 70, 80, 90,
100, 110, 120, 130, 140, 150, 160, 170, 180, 190,
200, 210, 220, 230, 240, 250, 260, 270, 280, 290
])
y1 = np.array([
0.000000, 0.023530, 0.059898, 0.097638, 0.136859, 0.177681, 0.220241, 0.249655, 0.295464, 0.327213,
0.376810, 0.411296, 0.447014, 0.503104, 0.542324, 0.583146, 0.625706, 0.647685, 0.693147, 0.740775,
0.816761, 0.843429, 0.870828, 0.927987, 0.957840, 1.020360, 1.053150, 1.087051, 1.122143, 1.158510
])

8 P0

x2 = np.array([
0, 10, 20, 30, 40, 50, 60, 70, 80, 90,
100, 110, 120, 130, 140, 150, 160, 170, 180, 190,
200, 210, 220, 230, 240, 250, 260, 270, 280, 290,
300, 310, 320, 330, 340, 350, 360, 370, 380, 390,
400, 410, 420, 430, 440, 450, 460, 470, 480, 490,
500, 510, 520, 530, 540, 550, 560, 570, 580, 590,
600, 610, 620, 630
])
y2 = np.array([
0.000000, 0.016807, 0.033902, 0.051293, 0.051293, 0.068993, 0.087011, 0.087011, 0.105361, 0.124053,
0.143101, 0.162519, 0.162519, 0.182322, 0.202524, 0.202524, 0.223144, 0.244197, 0.265703, 0.265703,
0.287682, 0.310155, 0.333144, 0.333144, 0.356675, 0.356675, 0.356675, 0.380772, 0.405465, 0.405465,
0.430783, 0.430783, 0.456758, 0.456758, 0.483427, 0.483427, 0.510826, 0.538997, 0.538997, 0.567984,
0.567984, 0.597837, 0.628609, 0.628609, 0.660357, 0.660357, 0.693147, 0.693147, 0.693147, 0.727049,
0.727049, 0.762140, 0.762140, 0.798508, 0.798508, 0.836248, 0.836248, 0.836248, 0.836248, 0.875469,
0.875469, 0.916291, 0.916291, 0.916291
])

9.5 P0

x3 = np.array([
0, 10, 20, 30, 40, 50, 60, 70, 80, 90,
100, 110, 120, 130, 140, 150, 160, 170, 180, 190,
200, 210, 220, 230, 240, 250, 260, 270, 280, 290,
300, 310, 320, 330, 340, 350, 360, 370, 380, 390,
400, 410, 420, 430, 440, 450, 460, 470, 480, 490,
500, 510, 520, 530, 540, 550, 560, 570, 580, 590
])
y3 = np.array([
0.000000, 0.013187, 0.026550, 0.044650, 0.058444, 0.077136, 0.091388, 0.110712, 0.125454, 0.140417,
0.160722, 0.176227, 0.191975, 0.213366, 0.229715, 0.240765, 0.257572, 0.274667, 0.297924, 0.309758,
0.327777, 0.346126, 0.358548, 0.383866, 0.396769, 0.409841, 0.429776, 0.450115, 0.463909, 0.477895,
0.499248, 0.513741, 0.528447, 0.550920, 0.566188, 0.581692, 0.605408, 0.613440, 0.629701, 0.663037,
0.663037, 0.680132, 0.697524, 0.715223, 0.733242, 0.742374, 0.760893, 0.779762, 0.798993, 0.808749,
0.828552, 0.838602, 0.848755, 0.859011, 0.879845, 0.890427, 0.901123, 0.911933, 0.922862, 0.922862
])

5.5 P0

x4 = np.array([
0, 10, 20, 30, 40, 50, 60, 70, 80, 90,
100, 110, 120, 130, 140, 150, 160, 170, 180, 190,
200, 210, 220, 230, 240, 250, 260, 270, 280, 290,
300, 310, 320, 330, 340, 350, 360, 370, 380, 390,
400, 410, 420, 430, 440, 450, 460, 470, 480, 490,
500, 510, 520, 530, 540, 550, 560, 570, 580, 590,
600, 610, 620
)]
y4 = np.array([
0.000000, 0.008811, 0.026668, 0.054067, 0.072759, 0.091808, 0.111226, 0.131028, 0.151231, 0.171850,
0.192904, 0.214410, 0.236389, 0.258862, 0.281851, 0.305382, 0.329479, 0.354172, 0.379490, 0.405465,
0.432133, 0.459532, 0.473519, 0.502092, 0.516691, 0.546544, 0.577315, 0.593064, 0.609064, 0.625325,
0.658661, 0.675755, 0.693147, 0.710847, 0.747214, 0.765907, 0.784955, 0.804373, 0.824175, 0.844378,
0.864997, 0.886051, 0.907557, 0.929536, 0.952009, 0.974998, 0.998529, 1.022626, 1.047319, 1.047319,
1.072637, 1.098612, 1.098612, 1.125281, 1.152680, 1.180850, 1.209838, 1.209838, 1.239691, 1.270463,
1.270463, 1.302211, 1.302211
])


















