0.096000
0.100000
0.100000
0.100000
0.080000
0.083333
0.100000
0.100000
0.088889
0.090000
0.090909
0.083333
0.092308
0.085714
0.086667
0.087500
0.100000
0.094444
0.100000
0.105000
0.109524
0.113636
0.108696
0.104167
0.104000
0.111538
0.111111
0.107143
0.106897
0.106667
0.103226
0.103125
0.103030
0.100000
0.097143
0.100000
0.097297
0.100000
0.102564
0.102500
0.104878
0.107143
0.104651
0.104545
0.102222
0.102174
0.102128
0.102083
0.100000
0.098000
0.096078
0.094231
0.092453
0.092593
0.092727
0.094643
0.096491
0.096552
0.096610
0.098333
0.098361
0.100000
0.098413
0.098438
0.096923
0.096970
0.095522
0.094118
0.095652
0.094286
0.095775
0.095833
0.097260
0.098649
0.097333
0.100000
0.100000
0.101282
0.100000
0.101250
0.101235
0.100000
0.100000
0.098810
0.098824
0.098837
0.101149
0.100000
0.101124
0.101111
0.101099
0.101087
0.100000
0.098936
0.098947
0.098958
0.098969
0.097959
0.096970
0.096000
0.096040
0.096078
0.095146
0.094231
0.094286
0.094340
0.096262
0.096296
0.096330
0.096364
0.095495
0.095536
0.095575
0.095614
0.094783
0.093966
0.093162
0.093220
0.093277
0.093333
0.093388
0.093443
0.094309
0.095161
0.094400
0.094444
0.094488
0.094531
0.095349
0.095385
0.094656
0.095455
0.096241
0.095522
0.095556
0.095588
0.095620
0.095652
0.094964
0.094286
0.093617
0.093662
0.093007
0.093056
0.093103
0.092466
0.093197
0.093919
0.094631
0.094667
0.095364
0.095395
0.095425
0.095455
0.095484
0.095513
0.095541
0.094937
0.094969
0.094375
0.096273
0.096914
0.097546
0.098780
0.100000
0.100000
0.099401
0.099405
0.098817
0.100000
0.099415
0.098837
0.100000
0.100575
0.101143
0.101136
0.100565
0.100562
0.100000
0.100000
0.100000
0.100000
0.100546
0.100000
0.099459
0.098925
0.098930
0.099468
0.100000
0.099474
0.100000
0.099479
0.099482
0.099485
0.098974
0.098980
0.099492
0.100000
0.100000
0.100500
0.100498
0.100495
0.100493
0.100490
0.101463
0.100971
0.100966
0.100962
0.101914
0.102857
0.102370
0.101887
0.101878
0.101402
0.101860
0.101852
0.101382
0.100917
0.100457
0.100000
0.100000
0.100000
0.099552
0.099107
0.100000
0.100000
0.099559
0.100877
0.101310
0.101739
0.102164
0.101724
0.101717
0.101709
0.101277
0.100847
0.100844
0.100420
0.100837
0.101250
0.100830
0.101653
0.102058
0.102049
0.102041
0.101626
0.101215
0.100806
0.101205
0.100800
0.101195
0.101190
0.101186
0.100787
0.101961
0.103125
0.103113
0.103101
0.103861
0.103462
0.103448
0.103435
0.104183
0.104545
0.104151
0.103759
0.103371
0.102985
0.103717
0.103333
0.103321
0.103309
0.102930
0.102555
0.102182
0.102899
0.103249
0.102878
0.102867
0.102857
0.103203
0.103901
0.104240
0.104225
0.104561
0.104895
0.105226
0.105556
0.105536
0.105862
0.105498
0.105822
0.105802
0.105442
0.105763
0.105743
0.105387
0.106376
0.106355
0.106667
0.106645
0.106291
0.106271
0.105921
0.105902
0.106209
0.106189
0.106169
0.106149
0.106774
0.106431
0.106090
0.106070
0.106051
0.106349
0.106646
0.106625
0.106289
0.106270
0.106563
0.106231
0.105901
0.106502
0.106481
0.106769
0.106748
0.106422
0.106402
0.106383
0.106970
0.106647
0.106325
0.106907
0.106587
0.106567
0.106250
0.106231
0.106213
0.105900
0.106176
0.106452
0.106433
0.106122
0.106395
0.106957
0.107225
0.106916
0.106897
0.107163
0.107143
0.107123
0.107102
0.107082
0.106780
0.106761
0.106461
0.106162
0.106425
0.106128
0.106389
0.106094
0.106354
0.106612
0.106593
0.106575
0.106831
0.106812
0.106522
0.106504
0.106486
0.106199
0.106452
0.106971
0.106952
0.106933
0.106649
0.107162
0.106878
0.106860
0.107105
0.107612
0.108115
0.108094
0.108333
0.108312
0.108808
0.108786
0.108505
0.108226
0.107949
0.107673
0.108673
0.108651
0.108629
0.108354
0.108081
0.108564
0.108543
0.108521
0.108750
0.108728
0.109204
0.109181
0.110149
0.109877
0.110345
0.110811
0.111029
0.111491
0.111463
0.111436
0.111165
0.110896
0.110870
0.111084
0.111058
0.111271
0.111244
0.111217
0.110952
0.111164
0.111374
0.111584
0.111557
0.111529
0.111972
0.112412
0.112383
0.112354
0.112093
0.111833
0.111806
0.112471
0.112212
0.112184
0.112156
0.112357
0.112100
0.112073
0.112273
0.112245
0.112217
0.112190
0.112387
0.112360
0.112108
0.111857
0.111830
0.111804
0.111556
0.111973
0.112168
0.112362
0.112555
0.112527
0.112500
0.112254
0.112445
0.112418
0.112609
0.112798
0.112771
0.112527
0.112284
0.112043
0.112232
0.112206
0.111966
0.111940
0.111702
0.111677
0.112076
0.112051
0.111814
0.111579
0.111765
0.111530
0.111925
0.111691
0.111458
0.111850
0.112241
0.112008
0.111983
0.111959
0.111728
0.111910
0.111680
0.111656
0.111633
0.111405
0.111179
0.111562
0.111741
0.111515
0.111290
0.111268
0.111245
0.111022
0.110800
0.110579
0.110558
0.110537
0.110317
0.110297
0.110079
0.110059
0.110039
0.109823
0.109804
0.109785
0.109570
0.109357
0.109728
0.109903
0.109690
0.109671
0.109653
0.109634
0.109423
0.109405
0.109195
0.109178
0.109160
0.108952
0.109125
0.109108
0.108902
0.108696
0.108868
0.108851
0.108835
0.108630
0.108614
0.108411
0.108769
0.108566
0.108736
0.108905
0.108704
0.108688
0.108856
0.108656
0.108456
0.108440
0.108608
0.108958
0.108942
0.108743
0.108727
0.108530
0.108333
0.108137
0.107942
0.107928
0.107734
0.107540
0.107527
0.107513
0.107321
0.107487
0.107473
0.107282
0.107270
0.107434
0.107420
0.107584
0.107570
0.107381
0.107193
0.107005
0.106818
0.106632
0.106446
0.106261
0.106250
0.106586
0.106574
0.106390
0.106552
0.106540
0.106529
0.106346
0.106678
0.106667
0.106485
0.106474
0.106293
0.106282
0.106441
0.106430
0.106419
0.106745
0.106734
0.107059
0.106879
0.106700
0.106689
0.106678
0.106667
0.106489
0.107143
0.107297
0.107450
0.107603
0.107426
0.107743
0.107730
0.107882
0.108033
0.108020
0.108007
0.107993
0.108306
0.108455
0.108279
0.108266
0.108091
0.108078
0.108065
0.108052
0.108360
0.108347
0.108173
0.108000
0.108147
0.108134
0.108121
0.107949
0.107778
0.107924
0.108070
0.107899
0.108360
0.108346
0.108333
0.108320
0.108307
0.108138
0.108125
0.108580
0.108723
0.108865
0.109006
0.108837
0.108824
0.108655
0.108488
0.108320
0.108308
0.108295
0.108436
0.108423
0.108257
0.108092
0.108232
0.108219
0.108055
0.108346
0.108333
0.108169
0.108308
0.108296
0.108133
0.108120
0.108258
0.108096
0.107934
0.107773
0.107761
0.107601
0.107738
0.107727
0.107864
0.108000
0.107840
0.107829
0.107817
0.108395
0.108382
0.108370
0.108358
0.108346
0.108333
0.108467
0.108601
0.108443
0.108285
0.108418
0.108406
0.108394
0.108526
0.108658
0.109078
0.109065
0.109052
0.109039
0.109456
0.109442
0.109286
0.109130
0.109259
0.109246
0.109091
0.109362
0.109348
0.109194
0.109181
0.109168
0.109014
0.108861
0.108848
0.108836
0.108964
0.109231
0.109358
0.109205
0.109192
0.109040
0.109167
0.109293
0.109141
0.108990
0.109116
0.108966
0.109091
0.109216
0.109203
0.109191
0.109178
0.109166
0.109563
0.109413
0.109264
0.109524
0.109375
0.109498
0.109621
0.109743
0.109730
0.109852
0.109704
0.109690
0.109543
0.109396
0.109383
0.109371
0.109626
0.109613
0.109600
0.109854
0.109973
0.109827
0.109814
0.109669
0.109656
0.109511
0.109499
0.109618
0.109605
0.109461
0.109318
0.109305
0.109293
0.109412
0.109399
0.109387
0.109245
0.109233
0.109221
0.109339
0.109197
0.109185
0.109173
0.109032
0.109021
0.109138
0.109255
0.109243
0.109359
0.109219
0.109335
0.109323
0.109184
0.109172
0.109288
0.109276
0.109137
0.108999
0.109114
0.109355
0.109470
0.109458
0.109320
0.109560
0.109673
0.109661
0.109649
0.109762
0.109750
0.109613
0.109476
0.109465
0.109328
0.109441
0.109429
0.109294
0.109406
0.109394
0.109383
0.109494
0.109360
0.109348
0.109337
0.109202
0.109314
0.109302
0.109169
0.109280
0.109146
0.109013
0.108881
0.108748
0.108738
0.108970
0.108959
0.109069
0.109058
0.109047
0.109036
0.109146
0.109135
0.109244
0.109353
0.109341
0.109330
0.109558
0.109666
0.109654
0.109524
0.109750
0.109739
0.109609
0.109834
0.109704
0.109693
0.109681
0.109552
0.109423
0.109412
0.109283
0.109155
0.109144
0.109133
0.109006
0.108879
0.108868
0.108974
0.108964
0.108837
0.108827
0.108817
0.108691
0.108565
0.108439
0.108314
0.108189
0.108065
0.107940
0.108046
0.108037
0.108028
0.108018
0.107895
0.107771
0.107877
0.107868
0.107745
0.107736
0.107955
0.107946
0.108050
0.107928
0.107919
0.107910
0.108014
0.108117
0.108221
0.108211
0.108427
0.108305
0.108296
0.108175
0.108166
0.108156
0.108147
0.108250
0.108241
0.108231
0.108222
0.108435
0.108426
0.108638
0.108518
0.108398
0.108389
0.108269
0.108150
0.108361
0.108571
0.108452
0.108333
0.108653
0.108534
0.108415
0.108297
0.108179
0.108279
0.108161
0.108152
0.108143
0.108134
0.108126
0.108117
0.108108
0.108099
0.107983
0.107866
0.108073
0.107957
0.107948
0.107940
0.107931
0.107923
0.108021
0.108226
0.108538
0.108422
0.108307
0.108298
0.108183
0.108068
0.107953
0.107945
0.107937
0.107822
0.107709
0.107595
0.107798
0.107789
0.107781
0.107668
0.107765
0.107757
0.107749
0.107741
0.107628
0.107620
0.107612
0.107500
0.107596
0.107588
0.107477
0.107780
0.107876
0.107764
0.107756
0.107748
0.107843
0.107732
0.107621
0.107613
0.107605
0.107598
0.107487
0.107377
0.107369
0.107260
0.107354
0.107245
0.107339
0.107230
0.107426
0.107317
0.107310
0.107201
0.107396
0.107287
0.107280
0.107374
0.107568
0.107460
0.107553
0.107545
0.107538
0.107631
0.107823
0.107916
0.108008
0.107900
0.096000
0.100000
0.100000
0.100000
0.080000
0.083333
0.100000
0.100000
0.088889
0.090000
0.090909
0.083333
0.092308
0.085714
0.086667
0.087500
0.100000
0.094444
0.100000
0.105000
0.109524
0.113636
0.108696
0.104167
0.104000
0.111538
0.111111
0.107143
0.106897
0.106667
0.103226
0.103125
0.103030
0.100000
0.097143
0.100000
0.097297
0.100000
0.102564
0.102500
0.104878
0.107143
0.104651
0.104545
0.102222
0.102174
0.102128
0.102083
0.100000
0.098000
0.096078
0.094231
0.092453
0.092593
0.092727
0.094643
0.096491
0.096552
0.096610
0.098333
0.098361
0.100000
0.098413
0.098438
0.096923
0.096970
0.095522
0.094118
0.095652
0.094286
0.095775
0.095833
0.097260
0.098649
0.097333
0.100000
0.100000
0.101282
0.100000
0.101250
0.101235
0.100000
0.100000
0.098810
0.098824
0.098837
0.101149
0.100000
0.101124
0.101111
0.101099
0.101087
0.100000
0.098936
0.098947
0.098958
0.098969
0.097959
0.096970
0.096000
0.096040
0.096078
0.095146
0.094231
0.094286
0.094340
0.096262
0.096296
0.096330
0.096364
0.095495
0.095536
0.095575
0.095614
0.094783
0.093966
0.093162
0.093220
0.093277
0.093333
0.093388
0.093443
0.094309
0.095161
0.094400
0.094444
0.094488
0.094531
0.095349
0.095385
0.094656
0.095455
0.096241
0.095522
0.095556
0.095588
0.095620
0.095652
0.094964
0.094286
0.093617
0.093662
0.093007
0.093056
0.093103
0.092466
0.093197
0.093919
0.094631
0.094667
0.095364
0.095395
0.095425
0.095455
0.095484
0.095513
0.095541
0.094937
0.094969
0.094375
0.096273
0.096914
0.097546
0.098780
0.100000
0.100000
0.099401
0.099405
0.098817
0.100000
0.099415
0.098837
0.100000
0.100575
0.101143
0.101136
0.100565
0.100562
0.100000
0.100000
0.100000
0.100000
0.100546
0.100000
0.099459
0.098925
0.098930
0.099468
0.100000
0.099474
0.100000
0.099479
0.099482
0.099485
0.098974
0.098980
0.099492
0.100000
0.100000
0.100500
0.100498
0.100495
0.100493
0.100490
0.101463
0.100971
0.100966
0.100962
0.101914
0.102857
0.102370
0.101887
0.101878
0.101402
0.101860
0.101852
0.101382
0.100917
0.100457
0.100000
0.100000
0.100000
0.099552
0.099107
0.100000
0.100000
0.099559
0.100877
0.101310
0.101739
0.102164
0.101724
0.101717
0.101709
0.101277
0.100847
0.100844
0.100420
0.100837
0.101250
0.100830
0.101653
0.102058
0.102049
0.102041
0.101626
0.101215
0.100806
0.101205
0.100800
0.101195
0.101190
0.101186
0.100787
0.101961
0.103125
0.103113
0.103101
0.103861
0.103462
0.103448
0.103435
0.104183
0.104545
0.104151
0.103759
0.103371
0.102985
0.103717
0.103333
0.103321
0.103309
0.102930
0.102555
0.102182
0.102899
0.103249
0.102878
0.102867
0.102857
0.103203
0.103901
0.104240
0.104225
0.104561
0.104895
0.105226
0.105556
0.105536
0.105862
0.105498
0.105822
0.105802
0.105442
0.105763
0.105743
0.105387
0.106376
0.106355
0.106667
0.106645
0.106291
0.106271
0.105921
0.105902
0.106209
0.106189
0.106169
0.106149
0.106774
0.106431
0.106090
0.106070
0.106051
0.106349
0.106646
0.106625
0.106289
0.106270
0.106563
0.106231
0.105901
0.106502
0.106481
0.106769
0.106748
0.106422
0.106402
0.106383
0.106970
0.106647
0.106325
0.106907
0.106587
0.106567
0.106250
0.106231
0.106213
0.105900
0.106176
0.106452
0.106433
0.106122
0.106395
0.106957
0.107225
0.106916
0.106897
0.107163
0.107143
0.107123
0.107102
0.107082
0.106780
0.106761
0.106461
0.106162
0.106425
0.106128
0.106389
0.106094
0.106354
0.106612
0.106593
0.106575
0.106831
0.106812
0.106522
0.106504
0.106486
0.106199
0.106452
0.106971
0.106952
0.106933
0.106649
0.107162
0.106878
0.106860
0.107105
0.107612
0.108115
0.108094
0.108333
0.108312
0.108808
0.108786
0.108505
0.108226
0.107949
0.107673
0.108673
0.108651
0.108629
0.108354
0.108081
0.108564
0.108543
0.108521
0.108750
0.108728
0.109204
0.109181
0.110149
0.109877
0.110345
0.110811
0.111029
0.111491
0.111463
0.111436
0.111165
0.110896
0.110870
0.111084
0.111058
0.111271
0.111244
0.111217
0.110952
0.111164
0.111374
0.111584
0.111557
0.111529
0.111972
0.112412
0.112383
0.112354
0.112093
0.111833
0.111806
0.112471
0.112212
0.112184
0.112156
0.112357
0.112100
0.112073
0.112273
0.112245
0.112217
0.112190
0.112387
0.112360
0.112108
0.111857
0.111830
0.111804
0.111556
0.111973
0.112168
0.112362
0.112555
0.112527
0.112500
0.112254
0.112445
0.112418
0.112609
0.112798
0.112771
0.112527
0.112284
0.112043
0.112232
0.112206
0.111966
0.111940
0.111702
0.111677
0.112076
0.112051
0.111814
0.111579
0.111765
0.111530
0.111925
0.111691
0.111458
0.111850
0.112241
0.112008
0.111983
0.111959
0.111728
0.111910
0.111680
0.111656
0.111633
0.111405
0.111179
0.111562
0.111741
0.111515
0.111290
0.111268
0.111245
0.111022
0.110800
0.110579
0.110558
0.110537
0.110317
0.110297
0.110079
0.110059
0.110039
0.109823
0.109804
0.109785
0.109570
0.109357
0.109728
0.109903
0.109690
0.109671
0.109653
0.109634
0.109423
0.109405
0.109195
0.109178
0.109160
0.108952
0.109125
0.109108
0.108902
0.108696
0.108868
0.108851
0.108835
0.108630
0.108614
0.108411
0.108769
0.108566
0.108736
0.108905
0.108704
0.108688
0.108856
0.108656
0.108456
0.108440
0.108608
0.108958
0.108942
0.108743
0.108727
0.108530
0.108333
0.108137
0.107942
0.107928
0.107734
0.107540
0.107527
0.107513
0.107321
0.107487
0.107473
0.107282
0.107270
0.107434
0.107420
0.107584
0.107570
0.107381
0.107193
0.107005
0.106818
0.106632
0.106446
0.106261
0.106250
0.106586
0.106574
0.106390
0.106552
0.106540
0.106529
0.106346
0.106678
0.106667
0.106485
0.106474
0.106293
0.106282
0.106441
0.106430
0.106419
0.106745
0.106734
0.107059
0.106879
0.106700
0.106689
0.106678
0.106667
0.106489
0.107143
0.107297
0.107450
0.107603
0.107426
0.107743
0.107730
0.107882
0.108033
0.108020
0.108007
0.107993
0.108306
0.108455
0.108279
0.108266
0.108091
0.108078
0.108065
0.108052
0.108360
0.108347
0.108173
0.108000
0.108147
0.108134
0.108121
0.107949
0.107778
0.107924
0.108070
0.107899
0.108360
0.108346
0.108333
0.108320
0.108307
0.108138
0.108125
0.108580
0.108723
0.108865
0.109006
0.108837
0.108824
0.108655
0.108488
0.108320
0.108308
0.108295
0.108436
0.108423
0.108257
0.108092
0.108232
0.108219
0.108055
0.108346
0.108333
0.108169
0.108308
0.108296
0.108133
0.108120
0.108258
0.108096
0.107934
0.107773
0.107761
0.107601
0.107738
0.107727
0.107864
0.108000
0.107840
0.107829
0.107817
0.108395
0.108382
0.108370
0.108358
0.108346
0.108333
0.108467
0.108601
0.108443
0.108285
0.108418
0.108406
0.108394
0.108526
0.108658
0.109078
0.109065
0.109052
0.109039
0.109456
0.109442
0.109286
0.109130
0.109259
0.109246
0.109091
0.109362
0.109348
0.109194
0.109181
0.109168
0.109014
0.108861
0.108848
0.108836
0.108964
0.109231
0.109358
0.109205
0.109192
0.109040
0.109167
0.109293
0.109141
0.108990
0.109116
0.108966
0.109091
0.109216
0.109203
0.109191
0.109178
0.109166
0.109563
0.109413
0.109264
0.109524
0.109375
0.109498
0.109621
0.109743
0.109730
0.109852
0.109704
0.109690
0.109543
0.109396
0.109383
0.109371
0.109626
0.109613
0.109600
0.109854
0.109973
0.109827
0.109814
0.109669
0.109656
0.109511
0.109499
0.109618
0.109605
0.109461
0.109318
0.109305
0.109293
0.109412
0.109399
0.109387
0.109245
0.109233
0.109221
0.109339
0.109197
0.109185
0.109173
0.109032
0.109021
0.109138
0.109255
0.109243
0.109359
0.109219
0.109335
0.109323
0.109184
0.109172
0.109288
0.109276
0.109137
0.108999
0.109114
0.109355
0.109470
0.109458
0.109320
0.109560
0.109673
0.109661
0.109649
0.109762
0.109750
0.109613
0.109476
0.109465
0.109328
0.109441
0.109429
0.109294
0.109406
0.109394
0.109383
0.109494
0.109360
0.109348
0.109337
0.109202
0.109314
0.109302
0.109169
0.109280
0.109146
0.109013
0.108881
0.108748
0.108738
0.108970
0.108959
0.109069
0.109058
0.109047
0.109036
0.109146
0.109135
0.109244
0.109353
0.109341
0.109330
0.109558
0.109666
0.109654
0.109524
0.109750
0.109739
0.109609
0.109834
0.109704
0.109693
0.109681
0.109552
0.109423
0.109412
0.109283
0.109155
0.109144
0.109133
0.109006
0.108879
0.108868
0.108974
0.108964
0.108837
0.108827
0.108817
0.108691
0.108565
0.108439
0.108314
0.108189
0.108065
0.107940
0.108046
0.108037
0.108028
0.108018
0.107895
0.107771
0.107877
0.107868
0.107745
0.107736
0.107955
0.107946
0.108050
0.107928
0.107919
0.107910
0.108014
0.108117
0.108221
0.108211
0.108427
0.108305
0.108296
0.108175
0.108166
0.108156
0.108147
0.108250
0.108241
0.108231
0.108222
0.108435
0.108426
0.108638
0.108518
0.108398
0.108389
0.108269
0.108150
0.108361
0.108571
0.108452
0.108333
0.108653
0.108534
0.108415
0.108297
0.108179
0.108279
0.108161
0.108152
0.108143
0.108134
0.108126
0.108117
0.108108
0.108099
0.107983
0.107866
0.108073
0.107957
0.107948
0.107940
0.107931
0.107923
0.108021
0.108226
0.108538
0.108422
0.108307
0.108298
0.108183
0.108068
0.107953
0.107945
0.107937
0.107822
0.107709
0.107595
0.107798
0.107789
0.107781
0.107668
0.107765
0.107757
0.107749
0.107741
0.107628
0.107620
0.107612
0.107500
0.107596
0.107588
0.107477
0.107780
0.107876
0.107764
0.107756
0.107748
0.107843
0.107732
0.107621
0.107613
0.107605
0.107598
0.107487
0.107377
0.107369
0.107260
0.107354
0.107245
0.107339
0.107230
0.107426
0.107317
0.107310
0.107201
0.107396
0.107287
0.107280
0.107374
0.107568
0.107460
0.107553
0.107545
0.107538
0.107631
0.107823
0.107916
0.108008
0.107900
0.096000
0.100000
0.100000
0.100000
0.080000
0.083333
0.100000
0.100000
0.088889
0.090000
0.090909
0.083333
0.092308
0.085714
0.086667
0.087500
0.100000
0.094444
0.100000
0.105000
0.109524
0.113636
0.108696
0.104167
0.104000
0.111538
0.111111
0.107143
0.106897
0.106667
0.103226
0.103125
0.103030
0.100000
0.097143
0.100000
0.097297
0.100000
0.102564
0.102500
0.104878
0.107143
0.104651
0.104545
0.102222
0.102174
0.102128
0.102083
0.100000
0.098000
0.096078
0.094231
0.092453
0.092593
0.092727
0.094643
0.096491
0.096552
0.096610
0.098333
0.098361
0.100000
0.098413
0.098438
0.096923
0.096970
0.095522
0.094118
0.095652
0.094286
0.095775
0.095833
0.097260
0.098649
0.097333
0.100000
0.100000
0.101282
0.100000
0.101250
0.101235
0.100000
0.100000
0.098810
0.098824
0.098837
0.101149
0.100000
0.101124
0.101111
0.101099
0.101087
0.100000
0.098936
0.098947
0.098958
0.098969
0.097959
0.096970
0.096000
0.096040
0.096078
0.095146
0.094231
0.094286
0.094340
0.096262
0.096296
0.096330
0.096364
0.095495
0.095536
0.095575
0.095614
0.094783
0.093966
0.093162
0.093220
0.093277
0.093333
0.093388
0.093443
0.094309
0.095161
0.094400
0.094444
0.094488
0.094531
0.095349
0.095385
0.094656
0.095455
0.096241
0.095522
0.095556
0.095588
0.095620
0.095652
0.094964
0.094286
0.093617
0.093662
0.093007
0.093056
0.093103
0.092466
0.093197
0.093919
0.094631
0.094667
0.095364
0.095395
0.095425
0.095455
0.095484
0.095513
0.095541
0.094937
0.094969
0.094375
0.096273
0.096914
0.097546
0.098780
0.100000
0.100000
0.099401
0.099405
0.098817
0.100000
0.099415
0.098837
0.100000
0.100575
0.101143
0.101136
0.100565
0.100562
0.100000
0.100000
0.100000
0.100000
0.100546
0.100000
0.099459
0.098925
0.098930
0.099468
0.100000
0.099474
0.100000
0.099479
0.099482
0.099485
0.098974
0.098980
0.099492
0.100000
0.100000
0.100500
0.100498
0.100495
0.100493
0.100490
0.101463
0.100971
0.100966
0.100962
0.101914
0.102857
0.102370
0.101887
0.101878
0.101402
0.101860
0.101852
0.101382
0.100917
0.100457
0.100000
0.100000
0.100000
0.099552
0.099107
0.100000
0.100000
0.099559
0.100877
0.101310
0.101739
0.102164
0.101724
0.101717
0.101709
0.101277
0.100847
0.100844
0.100420
0.100837
0.101250
0.100830
0.101653
0.102058
0.102049
0.102041
0.101626
0.101215
0.100806
0.101205
0.100800
0.101195
0.101190
0.101186
0.100787
0.101961
0.103125
0.103113
0.103101
0.103861
0.103462
0.103448
0.103435
0.104183
0.104545
0.104151
0.103759
0.103371
0.102985
0.103717
0.103333
0.103321
0.103309
0.102930
0.102555
0.102182
0.102899
0.103249
0.102878
0.102867
0.102857
0.103203
0.103901
0.104240
0.104225
0.104561
0.104895
0.105226
0.105556
0.105536
0.105862
0.105498
0.105822
0.105802
0.105442
0.105763
0.105743
0.105387
0.106376
0.106355
0.106667
0.106645
0.106291
0.106271
0.105921
0.105902
0.106209
0.106189
0.106169
0.106149
0.106774
0.106431
0.106090
0.106070
0.106051
0.106349
0.106646
0.106625
0.106289
0.106270
0.106563
0.106231
0.105901
0.106502
0.106481
0.106769
0.106748
0.106422
0.106402
0.106383
0.106970
0.106647
0.106325
0.106907
0.106587
0.106567
0.106250
0.106231
0.106213
0.105900
0.106176
0.106452
0.106433
0.106122
0.106395
0.106957
0.107225
0.106916
0.106897
0.107163
0.107143
0.107123
0.107102
0.107082
0.106780
0.106761
0.106461
0.106162
0.106425
0.106128
0.106389
0.106094
0.106354
0.106612
0.106593
0.106575
0.106831
0.106812
0.106522
0.106504
0.106486
0.106199
0.106452
0.106971
0.106952
0.106933
0.106649
0.107162
0.106878
0.106860
0.107105
0.107612
0.108115
0.108094
0.108333
0.108312
0.108808
0.108786
0.108505
0.108226
0.107949
0.107673
0.108673
0.108651
0.108629
0.108354
0.108081
0.108564
0.108543
0.108521
0.108750
0.108728
0.109204
0.109181
0.110149
0.109877
0.110345
0.110811
0.111029
0.111491
0.111463
0.111436
0.111165
0.110896
0.110870
0.111084
0.111058
0.111271
0.111244
0.111217
0.110952
0.111164
0.111374
0.111584
0.111557
0.111529
0.111972
0.112412
0.112383
0.112354
0.112093
0.111833
0.111806
0.112471
0.112212
0.112184
0.112156
0.112357
0.112100
0.112073
0.112273
0.112245
0.112217
0.112190
0.112387
0.112360
0.112108
0.111857
0.111830
0.111804
0.111556
0.111973
0.112168
0.112362
0.112555
0.112527
0.112500
0.112254
0.112445
0.112418
0.112609
0.112798
0.112771
0.112527
0.112284
0.112043
0.112232
0.112206
0.111966
0.111940
0.111702
0.111677
0.112076
0.112051
0.111814
0.111579
0.111765
0.111530
0.111925
0.111691
0.111458
0.111850
0.112241
0.112008
0.111983
0.111959
0.111728
0.111910
0.111680
0.111656
0.111633
0.111405
0.111179
0.111562
0.111741
0.111515
0.111290
0.111268
0.111245
0.111022
0.110800
0.110579
0.110558
0.110537
0.110317
0.110297
0.110079
0.110059
0.110039
0.109823
0.109804
0.109785
0.109570
0.109357
0.109728
0.109903
0.109690
0.109671
0.109653
0.109634
0.109423
0.109405
0.109195
0.109178
0.109160
0.108952
0.109125
0.109108
0.108902
0.108696
0.108868
0.108851
0.108835
0.108630
0.108614
0.108411
0.108769
0.108566
0.108736
0.108905
0.108704
0.108688
0.108856
0.108656
0.108456
0.108440
0.108608
0.108958
0.108942
0.108743
0.108727
0.108530
0.108333
0.108137
0.107942
0.107928
0.107734
0.107540
0.107527
0.107513
0.107321
0.107487
0.107473
0.107282
0.107270
0.107434
0.107420
0.107584
0.107570
0.107381
0.107193
0.107005
0.106818
0.106632
0.106446
0.106261
0.106250
0.106586
0.106574
0.106390
0.106552
0.106540
0.106529
0.106346
0.106678
0.106667
0.106485
0.106474
0.106293
0.106282
0.106441
0.106430
0.106419
0.106745
0.106734
0.107059
0.106879
0.106700
0.106689
0.106678
0.106667
0.106489
0.107143
0.107297
0.107450
0.107603
0.107426
0.107743
0.107730
0.107882
0.108033
0.108020
0.108007
0.107993
0.108306
0.108455
0.108279
0.108266
0.108091
0.108078
0.108065
0.108052
0.108360
0.108347
0.108173
0.108000
0.108147
0.108134
0.108121
0.107949
0.107778
0.107924
0.108070
0.107899
0.108360
0.108346
0.108333
0.108320
0.108307
0.108138
0.108125
0.108580
0.108723
0.108865
0.109006
0.108837
0.108824
0.108655
0.108488
0.108320
0.108308
0.108295
0.108436
0.108423
0.108257
0.108092
0.108232
0.108219
0.108055
0.108346
0.108333
0.108169
0.108308
0.108296
0.108133
0.108120
0.108258
0.108096
0.107934
0.107773
0.107761
0.107601
0.107738
0.107727
0.107864
0.108000
0.107840
0.107829
0.107817
0.108395
0.108382
0.108370
0.108358
0.108346
0.108333
0.108467
0.108601
0.108443
0.108285
0.108418
0.108406
0.108394
0.108526
0.108658
0.109078
0.109065
0.109052
0.109039
0.109456
0.109442
0.109286
0.109130
0.109259
0.109246
0.109091
0.109362
0.109348
0.109194
0.109181
0.109168
0.109014
0.108861
0.108848
0.108836
0.108964
0.109231
0.109358
0.109205
0.109192
0.109040
0.109167
0.109293
0.109141
0.108990
0.109116
0.108966
0.109091
0.109216
0.109203
0.109191
0.109178
0.109166
0.109563
0.109413
0.109264
0.109524
0.109375
0.109498
0.109621
0.109743
0.109730
0.109852
0.109704
0.109690
0.109543
0.109396
0.109383
0.109371
0.109626
0.109613
0.109600
0.109854
0.109973
0.109827
0.109814
0.109669
0.109656
0.109511
0.109499
0.109618
0.109605
0.109461
0.109318
0.109305
0.109293
0.109412
0.109399
0.109387
0.109245
0.109233
0.109221
0.109339
0.109197
0.109185
0.109173
0.109032
0.109021
0.109138
0.109255
0.109243
0.109359
0.109219
0.109335
0.109323
0.109184
0.109172
0.109288
0.109276
0.109137
0.108999
0.109114
0.109355
0.109470
0.109458
0.109320
0.109560
0.109673
0.109661
0.109649
0.109762
0.109750
0.109613
0.109476
0.109465
0.109328
0.109441
0.109429
0.109294
0.109406
0.109394
0.109383
0.109494
0.109360
0.109348
0.109337
0.109202
0.109314
0.109302
0.109169
0.109280
0.109146
0.109013
0.108881
0.108748
0.108738
0.108970
0.108959
0.109069
0.109058
0.109047
0.109036
0.109146
0.109135
0.109244
0.109353
0.109341
0.109330
0.109558
0.109666
0.109654
0.109524
0.109750
0.109739
0.109609
0.109834
0.109704
0.109693
0.109681
0.109552
0.109423
0.109412
0.109283
0.109155
0.109144
0.109133
0.109006
0.108879
0.108868
0.108974
0.108964
0.108837
0.108827
0.108817
0.108691
0.108565
0.108439
0.108314
0.108189
0.108065
0.107940
0.108046
0.108037
0.108028
0.108018
0.107895
0.107771
0.107877
0.107868
0.107745
0.107736
0.107955
0.107946
0.108050
0.107928
0.107919
0.107910
0.108014
0.108117
0.108221
0.108211
0.108427
0.108305
0.108296
0.108175
0.108166
0.108156
0.108147
0.108250
0.108241
0.108231
0.108222
0.108435
0.108426
0.108638
0.108518
0.108398
0.108389
0.108269
0.108150
0.108361
0.108571
0.108452
0.108333
0.108653
0.108534
0.108415
0.108297
0.108179
0.108279
0.108161
0.108152
0.108143
0.108134
0.108126
0.108117
0.108108
0.108099
0.107983
0.107866
0.108073
0.107957
0.107948
0.107940
0.107931
0.107923
0.108021
0.108226
0.108538
0.108422
0.108307
0.108298
0.108183
0.108068
0.107953
0.107945
0.107937
0.107822
0.107709
0.107595
0.107798
0.107789
0.107781
0.107668
0.107765
0.107757
0.107749
0.107741
0.107628
0.107620
0.107612
0.107500
0.107596
0.107588
0.107477
0.107780
0.107876
0.107764
0.107756
0.107748
0.107843
0.107732
0.107621
0.107613
0.107605
0.107598
0.107487
0.107377
0.107369
0.107260
0.107354
0.107245
0.107339
0.107230
0.107426
0.107317
0.107310
0.107201
0.107396
0.107287
0.107280
0.107374
0.107568
0.107460
0.107553
0.107545
0.107538
0.107631
0.107823
0.107916
0.108008
0.107900
0.096000
0.100000
0.100000
0.100000
0.080000
0.083333
0.100000
0.100000
0.088889
0.090000
0.090909
0.083333
0.092308
0.085714
0.086667
0.087500
0.100000
0.094444
0.100000
0.105000
0.109524
0.113636
0.108696
0.104167
0.104000
0.111538
0.111111
0.107143
0.106897
0.106667
0.103226
0.103125
0.103030
0.100000
0.097143
0.100000
0.097297
0.100000
0.102564
0.102500
0.104878
0.107143
0.104651
0.104545
0.102222
0.102174
0.102128
0.102083
0.100000
0.098000
0.096078
0.094231
0.092453
0.092593
0.092727
0.094643
0.096491
0.096552
0.096610
0.098333
0.098361
0.100000
0.098413
0.098438
0.096923
0.096970
0.095522
0.094118
0.095652
0.094286
0.095775
0.095833
0.097260
0.098649
0.097333
0.100000
0.100000
0.101282
0.100000
0.101250
0.101235
0.100000
0.100000
0.098810
0.098824
0.098837
0.101149
0.100000
0.101124
0.101111
0.101099
0.101087
0.100000
0.098936
0.098947
0.098958
0.098969
0.097959
0.096970
0.096000
0.096040
0.096078
0.095146
0.094231
0.094286
0.094340
0.096262
0.096296
0.096330
0.096364
0.095495
0.095536
0.095575
0.095614
0.094783
0.093966
0.093162
0.093220
0.093277
0.093333
0.093388
0.093443
0.094309
0.095161
0.094400
0.094444
0.094488
0.094531
0.095349
0.095385
0.094656
0.095455
0.096241
0.095522
0.095556
0.095588
0.095620
0.095652
0.094964
0.094286
0.093617
0.093662
0.093007
0.093056
0.093103
0.092466
0.093197
0.093919
0.094631
0.094667
0.095364
0.095395
0.095425
0.095455
0.095484
0.095513
0.095541
0.094937
0.094969
0.094375
0.096273
0.096914
0.097546
0.098780
0.100000
0.100000
0.099401
0.099405
0.098817
0.100000
0.099415
0.098837
0.100000
0.100575
0.101143
0.101136
0.100565
0.100562
0.100000
0.100000
0.100000
0.100000
0.100546
0.100000
0.099459
0.098925
0.098930
0.099468
0.100000
0.099474
0.100000
0.099479
0.099482
0.099485
0.098974
0.098980
0.099492
0.100000
0.100000
0.100500
0.100498
0.100495
0.100493
0.100490
0.101463
0.100971
0.100966
0.100962
0.101914
0.102857
0.102370
0.101887
0.101878
0.101402
0.101860
0.101852
0.101382
0.100917
0.100457
0.100000
0.100000
0.100000
0.099552
0.099107
0.100000
0.100000
0.099559
0.100877
0.101310
0.101739
0.102164
0.101724
0.101717
0.101709
0.101277
0.100847
0.100844
0.100420
0.100837
0.101250
0.100830
0.101653
0.102058
0.102049
0.102041
0.101626
0.101215
0.100806
0.101205
0.100800
0.101195
0.101190
0.101186
0.100787
0.101961
0.103125
0.103113
0.103101
0.103861
0.103462
0.103448
0.103435
0.104183
0.104545
0.104151
0.103759
0.103371
0.102985
0.103717
0.103333
0.103321
0.103309
0.102930
0.102555
0.102182
0.102899
0.103249
0.102878
0.102867
0.102857
0.103203
0.103901
0.104240
0.104225
0.104561
0.104895
0.105226
0.105556
0.105536
0.105862
0.105498
0.105822
0.105802
0.105442
0.105763
0.105743
0.105387
0.106376
0.106355
0.106667
0.106645
0.106291
0.106271
0.105921
0.105902
0.106209
0.106189
0.106169
0.106149
0.106774
0.106431
0.106090
0.106070
0.106051
0.106349
0.106646
0.106625
0.106289
0.106270
0.106563
0.106231
0.105901
0.106502
0.106481
0.106769
0.106748
0.106422
0.106402
0.106383
0.106970
0.106647
0.106325
0.106907
0.106587
0.106567
0.106250
0.106231
0.106213
0.105900
0.106176
0.106452
0.106433
0.106122
0.106395
0.106957
0.107225
0.106916
0.106897
0.107163
0.107143
0.107123
0.107102
0.107082
0.106780
0.106761
0.106461
0.106162
0.106425
0.106128
0.106389
0.106094
0.106354
0.106612
0.106593
0.106575
0.106831
0.106812
0.106522
0.106504
0.106486
0.106199
0.106452
0.106971
0.106952
0.106933
0.106649
0.107162
0.106878
0.106860
0.107105
0.107612
0.108115
0.108094
0.108333
0.108312
0.108808
0.108786
0.108505
0.108226
0.107949
0.107673
0.108673
0.108651
0.108629
0.108354
0.108081
0.108564
0.108543
0.108521
0.108750
0.108728
0.109204
0.109181
0.110149
0.109877
0.110345
0.110811
0.111029
0.111491
0.111463
0.111436
0.111165
0.110896
0.110870
0.111084
0.111058
0.111271
0.111244
0.111217
0.110952
0.111164
0.111374
0.111584
0.111557
0.111529
0.111972
0.112412
0.112383
0.112354
0.112093
0.111833
0.111806
0.112471
0.112212
0.112184
0.112156
0.112357
0.112100
0.112073
0.112273
0.112245
0.112217
0.112190
0.112387
0.112360
0.112108
0.111857
0.111830
0.111804
0.111556
0.111973
0.112168
0.112362
0.112555
0.112527
0.112500
0.112254
0.112445
0.112418
0.112609
0.112798
0.112771
0.112527
0.112284
0.112043
0.112232
0.112206
0.111966
0.111940
0.111702
0.111677
0.112076
0.112051
0.111814
0.111579
0.111765
0.111530
0.111925
0.111691
0.111458
0.111850
0.112241
0.112008
0.111983
0.111959
0.111728
0.111910
0.111680
0.111656
0.111633
0.111405
0.111179
0.111562
0.111741
0.111515
0.111290
0.111268
0.111245
0.111022
0.110800
0.110579
0.110558
0.110537
0.110317
0.110297
0.110079
0.110059
0.110039
0.109823
0.109804
0.109785
0.109570
0.109357
0.109728
0.109903
0.109690
0.109671
0.109653
0.109634
0.109423
0.109405
0.109195
0.109178
0.109160
0.108952
0.109125
0.109108
0.108902
0.108696
0.108868
0.108851
0.108835
0.108630
0.108614
0.108411
0.108769
0.108566
0.108736
0.108905
0.108704
0.108688
0.108856
0.108656
0.108456
0.108440
0.108608
0.108958
0.108942
0.108743
0.108727
0.108530
0.108333
0.108137
0.107942
0.107928
0.107734
0.107540
0.107527
0.107513
0.107321
0.107487
0.107473
0.107282
0.107270
0.107434
0.107420
0.107584
0.107570
0.107381
0.107193
0.107005
0.106818
0.106632
0.106446
0.106261
0.106250
0.106586
0.106574
0.106390
0.106552
0.106540
0.106529
0.106346
0.106678
0.106667
0.106485
0.106474
0.106293
0.106282
0.106441
0.106430
0.106419
0.106745
0.106734
0.107059
0.106879
0.106700
0.106689
0.106678
0.106667
0.106489
0.107143
0.107297
0.107450
0.107603
0.107426
0.107743
0.107730
0.107882
0.108033
0.108020
0.108007
0.107993
0.108306
0.108455
0.108279
0.108266
0.108091
0.108078
0.108065
0.108052
0.108360
0.108347
0.108173
0.108000
0.108147
0.108134
0.108121
0.107949
0.107778
0.107924
0.108070
0.107899
0.108360
0.108346
0.108333
0.108320
0.108307
0.108138
0.108125
0.108580
0.108723
0.108865
0.109006
0.108837
0.108824
0.108655
0.108488
0.108320
0.108308
0.108295
0.108436
0.108423
0.108257
0.108092
0.108232
0.108219
0.108055
0.108346
0.108333
0.108169
0.108308
0.108296
0.108133
0.108120
0.108258
0.108096
0.107934
0.107773
0.107761
0.107601
0.107738
0.107727
0.107864
0.108000
0.107840
0.107829
0.107817
0.108395
0.108382
0.108370
0.108358
0.108346
0.108333
0.108467
0.108601
0.108443
0.108285
0.108418
0.108406
0.108394
0.108526
0.108658
0.109078
0.109065
0.109052
0.109039
0.109456
0.109442
0.109286
0.109130
0.109259
0.109246
0.109091
0.109362
0.109348
0.109194
0.109181
0.109168
0.109014
0.108861
0.108848
0.108836
0.108964
0.109231
0.109358
0.109205
0.109192
0.109040
0.109167
0.109293
0.109141
0.108990
0.109116
0.108966
0.109091
0.109216
0.109203
0.109191
0.109178
0.109166
0.109563
0.109413
0.109264
0.109524
0.109375
0.109498
0.109621
0.109743
0.109730
0.109852
0.109704
0.109690
0.109543
0.109396
0.109383
0.109371
0.109626
0.109613
0.109600
0.109854
0.109973
0.109827
0.109814
0.109669
0.109656
0.109511
0.109499
0.109618
0.109605
0.109461
0.109318
0.109305
0.109293
0.109412
0.109399
0.109387
0.109245
0.109233
0.109221
0.109339
0.109197
0.109185
0.109173
0.109032
0.109021
0.109138
0.109255
0.109243
0.109359
0.109219
0.109335
0.109323
0.109184
0.109172
0.109288
0.109276
0.109137
0.108999
0.109114
0.109355
0.109470
0.109458
0.109320
0.109560
0.109673
0.109661
0.109649
0.109762
0.109750
0.109613
0.109476
0.109465
0.109328
0.109441
0.109429
0.109294
0.109406
0.109394
0.109383
0.109494
0.109360
0.109348
0.109337
0.109202
0.109314
0.109302
0.109169
0.109280
0.109146
0.109013
0.108881
0.108748
0.108738
0.108970
0.108959
0.109069
0.109058
0.109047
0.109036
0.109146
0.109135
0.109244
0.109353
0.109341
0.109330
0.109558
0.109666
0.109654
0.109524
0.109750
0.109739
0.109609
0.109834
0.109704
0.109693
0.109681
0.109552
0.109423
0.109412
0.109283
0.109155
0.109144
0.109133
0.109006
0.108879
0.108868
0.108974
0.108964
0.108837
0.108827
0.108817
0.108691
0.108565
0.108439
0.108314
0.108189
0.108065
0.107940
0.108046
0.108037
0.108028
0.108018
0.107895
0.107771
0.107877
0.107868
0.107745
0.107736
0.107955
0.107946
0.108050
0.107928
0.107919
0.107910
0.108014
0.108117
0.108221
0.108211
0.108427
0.108305
0.108296
0.108175
0.108166
0.108156
0.108147
0.108250
0.108241
0.108231
0.108222
0.108435
0.108426
0.108638
0.108518
0.108398
0.108389
0.108269
0.108150
0.108361
0.108571
0.108452
0.108333
0.108653
0.108534
0.108415
0.108297
0.108179
0.108279
0.108161
0.108152
0.108143
0.108134
0.108126
0.108117
0.108108
0.108099
0.107983
0.107866
0.108073
0.107957
0.107948
0.107940
0.107931
0.107923
0.108021
0.108226
0.108538
0.108422
0.108307
0.108298
0.108183
0.108068
0.107953
0.107945
0.107937
0.107822
0.107709
0.107595
0.107798
0.107789
0.107781
0.107668
0.107765
0.107757
0.107749
0.107741
0.107628
0.107620
0.107612
0.107500
0.107596
0.107588
0.107477
0.107780
0.107876
0.107764
0.107756
0.107748
0.107843
0.107732
0.107621
0.107613
0.107605
0.107598
0.107487
0.107377
0.107369
0.107260
0.107354
0.107245
0.107339
0.107230
0.107426
0.107317
0.107310
0.107201
0.107396
0.107287
0.107280
0.107374
0.107568
0.107460
0.107553
0.107545
0.107538
0.107631
0.107823
0.107916
0.108008
0.107900
0.096000
0.100000
0.100000
0.100000
0.080000
0.083333
0.100000
0.100000
0.088889
0.090000
0.090909
0.083333
0.092308
0.085714
0.086667
0.087500
0.100000
0.094444
0.100000
0.105000
0.109524
0.113636
0.108696
0.104167
0.104000
0.111538
0.111111
0.107143
0.106897
0.106667
0.103226
0.103125
0.103030
0.100000
0.097143
0.100000
0.097297
0.100000
0.102564
0.102500
0.104878
0.107143
0.104651
0.104545
0.102222
0.102174
0.102128
0.102083
0.100000
0.098000
0.096078
0.094231
0.092453
0.092593
0.092727
0.094643
0.096491
0.096552
0.096610
0.098333
0.098361
0.100000
0.098413
0.098438
0.096923
0.096970
0.095522
0.094118
0.095652
0.094286
0.095775
0.095833
0.097260
0.098649
0.097333
0.100000
0.100000
0.101282
0.100000
0.101250
0.101235
0.100000
0.100000
0.098810
0.098824
0.098837
0.101149
0.100000
0.101124
0.101111
0.101099
0.101087
0.100000
0.098936
0.098947
0.098958
0.098969
0.097959
0.096970
0.096000
0.096040
0.096078
0.095146
0.094231
0.094286
0.094340
0.096262
0.096296
0.096330
0.096364
0.095495
0.095536
0.095575
0.095614
0.094783
0.093966
0.093162
0.093220
0.093277
0.093333
0.093388
0.093443
0.094309
0.095161
0.094400
0.094444
0.094488
0.094531
0.095349
0.095385
0.094656
0.095455
0.096241
0.095522
0.095556
0.095588
0.095620
0.095652
0.094964
0.094286
0.093617
0.093662
0.093007
0.093056
0.093103
0.092466
0.093197
0.093919
0.094631
0.094667
0.095364
0.095395
0.095425
0.095455
0.095484
0.095513
0.095541
0.094937
0.094969
0.094375
0.096273
0.096914
0.097546
0.098780
0.100000
0.100000
0.099401
0.099405
0.098817
0.100000
0.099415
0.098837
0.100000
0.100575
0.101143
0.101136
0.100565
0.100562
0.100000
0.100000
0.100000
0.100000
0.100546
0.100000
0.099459
0.098925
0.098930
0.099468
0.100000
0.099474
0.100000
0.099479
0.099482
0.099485
0.098974
0.098980
0.099492
0.100000
0.100000
0.100500
0.100498
0.100495
0.100493
0.100490
0.101463
0.100971
0.100966
0.100962
0.101914
0.102857
0.102370
0.101887
0.101878
0.101402
0.101860
0.101852
0.101382
0.100917
0.100457
0.100000
0.100000
0.100000
0.099552
0.099107
0.100000
0.100000
0.099559
0.100877
0.101310
0.101739
0.102164
0.101724
0.101717
0.101709
0.101277
0.100847
0.100844
0.100420
0.100837
0.101250
0.100830
0.101653
0.102058
0.102049
0.102041
0.101626
0.101215
0.100806
0.101205
0.100800
0.101195
0.101190
0.101186
0.100787
0.101961
0.103125
0.103113
0.103101
0.103861
0.103462
0.103448
0.103435
0.104183
0.104545
0.104151
0.103759
0.103371
0.102985
0.103717
0.103333
0.103321
0.103309
0.102930
0.102555
0.102182
0.102899
0.103249
0.102878
0.102867
0.102857
0.103203
0.103901
0.104240
0.104225
0.104561
0.104895
0.105226
0.105556
0.105536
0.105862
0.105498
0.105822
0.105802
0.105442
0.105763
0.105743
0.105387
0.106376
0.106355
0.106667
0.106645
0.106291
0.106271
0.105921
0.105902
0.106209
0.106189
0.106169
0.106149
0.106774
0.106431
0.106090
0.106070
0.106051
0.106349
0.106646
0.106625
0.106289
0.106270
0.106563
0.106231
0.105901
0.106502
0.106481
0.106769
0.106748
0.106422
0.106402
0.106383
0.106970
0.106647
0.106325
0.106907
0.106587
0.106567
0.106250
0.106231
0.106213
0.105900
0.106176
0.106452
0.106433
0.106122
0.106395
0.106957
0.107225
0.106916
0.106897
0.107163
0.107143
0.107123
0.107102
0.107082
0.106780
0.106761
0.106461
0.106162
0.106425
0.106128
0.106389
0.106094
0.106354
0.106612
0.106593
0.106575
0.106831
0.106812
0.106522
0.106504
0.106486
0.106199
0.106452
0.106971
0.106952
0.106933
0.106649
0.107162
0.106878
0.106860
0.107105
0.107612
0.108115
0.108094
0.108333
0.108312
0.108808
0.108786
0.108505
0.108226
0.107949
0.107673
0.108673
0.108651
0.108629
0.108354
0.108081
0.108564
0.108543
0.108521
0.108750
0.108728
0.109204
0.109181
0.110149
0.109877
0.110345
0.110811
0.111029
0.111491
0.111463
0.111436
0.111165
0.110896
0.110870
0.111084
0.111058
0.111271
0.111244
0.111217
0.110952
0.111164
0.111374
0.111584
0.111557
0.111529
0.111972
0.112412
0.112383
0.112354
0.112093
0.111833
0.111806
0.112471
0.112212
0.112184
0.112156
0.112357
0.112100
0.112073
0.112273
0.112245
0.112217
0.112190
0.112387
0.112360
0.112108
0.111857
0.111830
0.111804
0.111556
0.111973
0.112168
0.112362
0.112555
0.112527
0.112500
0.112254
0.112445
0.112418
0.112609
0.112798
0.112771
0.112527
0.112284
0.112043
0.112232
0.112206
0.111966
0.111940
0.111702
0.111677
0.112076
0.112051
0.111814
0.111579
0.111765
0.111530
0.111925
0.111691
0.111458
0.111850
0.112241
0.112008
0.111983
0.111959
0.111728
0.111910
0.111680
0.111656
0.111633
0.111405
0.111179
0.111562
0.111741
0.111515
0.111290
0.111268
0.111245
0.111022
0.110800
0.110579
0.110558
0.110537
0.110317
0.110297
0.110079
0.110059
0.110039
0.109823
0.109804
0.109785
0.109570
0.109357
0.109728
0.109903
0.109690
0.109671
0.109653
0.109634
0.109423
0.109405
0.109195
0.109178
0.109160
0.108952
0.109125
0.109108
0.108902
0.108696
0.108868
0.108851
0.108835
0.108630
0.108614
0.108411
0.108769
0.108566
0.108736
0.108905
0.108704
0.108688
0.108856
0.108656
0.108456
0.108440
0.108608
0.108958
0.108942
0.108743
0.108727
0.108530
0.108333
0.108137
0.107942
0.107928
0.107734
0.107540
0.107527
0.107513
0.107321
0.107487
0.107473
0.107282
0.107270
0.107434
0.107420
0.107584
0.107570
0.107381
0.107193
0.107005
0.106818
0.106632
0.106446
0.106261
0.106250
0.106586
0.106574
0.106390
0.106552
0.106540
0.106529
0.106346
0.106678
0.106667
0.106485
0.106474
0.106293
0.106282
0.106441
0.106430
0.106419
0.106745
0.106734
0.107059
0.106879
0.106700
0.106689
0.106678
0.106667
0.106489
0.107143
0.107297
0.107450
0.107603
0.107426
0.107743
0.107730
0.107882
0.108033
0.108020
0.108007
0.107993
0.108306
0.108455
0.108279
0.108266
0.108091
0.108078
0.108065
0.108052
0.108360
0.108347
0.108173
0.108000
0.108147
0.108134
0.108121
0.107949
0.107778
0.107924
0.108070
0.107899
0.108360
0.108346
0.108333
0.108320
0.108307
0.108138
0.108125
0.108580
0.108723
0.108865
0.109006
0.108837
0.108824
0.108655
0.108488
0.108320
0.108308
0.108295
0.108436
0.108423
0.108257
0.108092
0.108232
0.108219
0.108055
0.108346
0.108333
0.108169
0.108308
0.108296
0.108133
0.108120
0.108258
0.108096
0.107934
0.107773
0.107761
0.107601
0.107738
0.107727
0.107864
0.108000
0.107840
0.107829
0.107817
0.108395
0.108382
0.108370
0.108358
0.108346
0.108333
0.108467
0.108601
0.108443
0.108285
0.108418
0.108406
0.108394
0.108526
0.108658
0.109078
0.109065
0.109052
0.109039
0.109456
0.109442
0.109286
0.109130
0.109259
0.109246
0.109091
0.109362
0.109348
0.109194
0.109181
0.109168
0.109014
0.108861
0.108848
0.108836
0.108964
0.109231
0.109358
0.109205
0.109192
0.109040
0.109167
0.109293
0.109141
0.108990
0.109116
0.108966
0.109091
0.109216
0.109203
0.109191
0.109178
0.109166
0.109563
0.109413
0.109264
0.109524
0.109375
0.109498
0.109621
0.109743
0.109730
0.109852
0.109704
0.109690
0.109543
0.109396
0.109383
0.109371
0.109626
0.109613
0.109600
0.109854
0.109973
0.109827
0.109814
0.109669
0.109656
0.109511
0.109499
0.109618
0.109605
0.109461
0.109318
0.109305
0.109293
0.109412
0.109399
0.109387
0.109245
0.109233
0.109221
0.109339
0.109197
0.109185
0.109173
0.109032
0.109021
0.109138
0.109255
0.109243
0.109359
0.109219
0.109335
0.109323
0.109184
0.109172
0.109288
0.109276
0.109137
0.108999
0.109114
0.109355
0.109470
0.109458
0.109320
0.109560
0.109673
0.109661
0.109649
0.109762
0.109750
0.109613
0.109476
0.109465
0.109328
0.109441
0.109429
0.109294
0.109406
0.109394
0.109383
0.109494
0.109360
0.109348
0.109337
0.109202
0.109314
0.109302
0.109169
0.109280
0.109146
0.109013
0.108881
0.108748
0.108738
0.108970
0.108959
0.109069
0.109058
0.109047
0.109036
0.109146
0.109135
0.109244
0.109353
0.109341
0.109330
0.109558
0.109666
0.109654
0.109524
0.109750
0.109739
0.109609
0.109834
0.109704
0.109693
0.109681
0.109552
0.109423
0.109412
0.109283
0.109155
0.109144
0.109133
0.109006
0.108879
0.108868
0.108974
0.108964
0.108837
0.108827
0.108817
0.108691
0.108565
0.108439
0.108314
0.108189
0.108065
0.107940
0.108046
0.108037
0.108028
0.108018
0.107895
0.107771
0.107877
0.107868
0.107745
0.107736
0.107955
0.107946
0.108050
0.107928
0.107919
0.107910
0.108014
0.108117
0.108221
0.108211
0.108427
0.108305
0.108296
0.108175
0.108166
0.108156
0.108147
0.108250
0.108241
0.108231
0.108222
0.108435
0.108426
0.108638
0.108518
0.108398
0.108389
0.108269
0.108150
0.108361
0.108571
0.108452
0.108333
0.108653
0.108534
0.108415
0.108297
0.108179
0.108279
0.108161
0.108152
0.108143
0.108134
0.108126
0.108117
0.108108
0.108099
0.107983
0.107866
0.108073
0.107957
0.107948
0.107940
0.107931
0.107923
0.108021
0.108226
0.108538
0.108422
0.108307
0.108298
0.108183
0.108068
0.107953
0.107945
0.107937
0.107822
0.107709
0.107595
0.107798
0.107789
0.107781
0.107668
0.107765
0.107757
0.107749
0.107741
0.107628
0.107620
0.107612
0.107500
0.107596
0.107588
0.107477
0.107780
0.107876
0.107764
0.107756
0.107748
0.107843
0.107732
0.107621
0.107613
0.107605
0.107598
0.107487
0.107377
0.107369
0.107260
0.107354
0.107245
0.107339
0.107230
0.107426
0.107317
0.107310
0.107201
0.107396
0.107287
0.107280
0.107374
0.107568
0.107460
0.107553
0.107545
0.107538
0.107631
0.107823
0.107916
0.108008
0.107900
0.096000
0.100000
0.100000
0.100000
0.080000
0.083333
0.100000
0.100000
0.088889
0.090000
0.090909
0.083333
0.092308
0.085714
0.086667
0.087500
0.100000
0.094444
0.100000
0.105000
0.109524
0.113636
0.108696
0.104167
0.104000
0.111538
0.111111
0.107143
0.106897
0.106667
0.103226
0.103125
0.103030
0.100000
0.097143
0.100000
0.097297
0.100000
0.102564
0.102500
0.104878
0.107143
0.104651
0.104545
0.102222
0.102174
0.102128
0.102083
0.100000
0.098000
0.096078
0.094231
0.092453
0.092593
0.092727
0.094643
0.096491
0.096552
0.096610
0.098333
0.098361
0.100000
0.098413
0.098438
0.096923
0.096970
0.095522
0.094118
0.095652
0.094286
0.095775
0.095833
0.097260
0.098649
0.097333
0.100000
0.100000
0.101282
0.100000
0.101250
0.101235
0.100000
0.100000
0.098810
0.098824
0.098837
0.101149
0.100000
0.101124
0.101111
0.101099
0.101087
0.100000
0.098936
0.098947
0.098958
0.098969
0.097959
0.096970
0.096000
0.096040
0.096078
0.095146
0.094231
0.094286
0.094340
0.096262
0.096296
0.096330
0.096364
0.095495
0.095536
0.095575
0.095614
0.094783
0.093966
0.093162
0.093220
0.093277
0.093333
0.093388
0.093443
0.094309
0.095161
0.094400
0.094444
0.094488
0.094531
0.095349
0.095385
0.094656
0.095455
0.096241
0.095522
0.095556
0.095588
0.095620
0.095652
0.094964
0.094286
0.093617
0.093662
0.093007
0.093056
0.093103
0.092466
0.093197
0.093919
0.094631
0.094667
0.095364
0.095395
0.095425
0.095455
0.095484
0.095513
0.095541
0.094937
0.094969
0.094375
0.096273
0.096914
0.097546
0.098780
0.100000
0.100000
0.099401
0.099405
0.098817
0.100000
0.099415
0.098837
0.100000
0.100575
0.101143
0.101136
0.100565
0.100562
0.100000
0.100000
0.100000
0.100000
0.100546
0.100000
0.099459
0.098925
0.098930
0.099468
0.100000
0.099474
0.100000
0.099479
0.099482
0.099485
0.098974
0.098980
0.099492
0.100000
0.100000
0.100500
0.100498
0.100495
0.100493
0.100490
0.101463
0.100971
0.100966
0.100962
0.101914
0.102857
0.102370
0.101887
0.101878
0.101402
0.101860
0.101852
0.101382
0.100917
0.100457
0.100000
0.100000
0.100000
0.099552
0.099107
0.100000
0.100000
0.099559
0.100877
0.101310
0.101739
0.102164
0.101724
0.101717
0.101709
0.101277
0.100847
0.100844
0.100420
0.100837
0.101250
0.100830
0.101653
0.102058
0.102049
0.102041
0.101626
0.101215
0.100806
0.101205
0.100800
0.101195
0.101190
0.101186
0.100787
0.101961
0.103125
0.103113
0.103101
0.103861
0.103462
0.103448
0.103435
0.104183
0.104545
0.104151
0.103759
0.103371
0.102985
0.103717
0.103333
0.103321
0.103309
0.102930
0.102555
0.102182
0.102899
0.103249
0.102878
0.102867
0.102857
0.103203
0.103901
0.104240
0.104225
0.104561
0.104895
0.105226
0.105556
0.105536
0.105862
0.105498
0.105822
0.105802
0.105442
0.105763
0.105743
0.105387
0.106376
0.106355
0.106667
0.106645
0.106291
0.106271
0.105921
0.105902
0.106209
0.106189
0.106169
0.106149
0.106774
0.106431
0.106090
0.106070
0.106051
0.106349
0.106646
0.106625
0.106289
0.106270
0.106563
0.106231
0.105901
0.106502
0.106481
0.106769
0.106748
0.106422
0.106402
0.106383
0.106970
0.106647
0.106325
0.106907
0.106587
0.106567
0.106250
0.106231
0.106213
0.105900
0.106176
0.106452
0.106433
0.106122
0.106395
0.106957
0.107225
0.106916
0.106897
0.107163
0.107143
0.107123
0.107102
0.107082
0.106780
0.106761
0.106461
0.106162
0.106425
0.106128
0.106389
0.106094
0.106354
0.106612
0.106593
0.106575
0.106831
0.106812
0.106522
0.106504
0.106486
0.106199
0.106452
0.106971
0.106952
0.106933
0.106649
0.107162
0.106878
0.106860
0.107105
0.107612
0.108115
0.108094
0.108333
0.108312
0.108808
0.108786
0.108505
0.108226
0.107949
0.107673
0.108673
0.108651
0.108629
0.108354
0.108081
0.108564
0.108543
0.108521
0.108750
0.108728
0.109204
0.109181
0.110149
0.109877
0.110345
0.110811
0.111029
0.111491
0.111463
0.111436
0.111165
0.110896
0.110870
0.111084
0.111058
0.111271
0.111244
0.111217
0.110952
0.111164
0.111374
0.111584
0.111557
0.111529
0.111972
0.112412
0.112383
0.112354
0.112093
0.111833
0.111806
0.112471
0.112212
0.112184
0.112156
0.112357
0.112100
0.112073
0.112273
0.112245
0.112217
0.112190
0.112387
0.112360
0.112108
0.111857
0.111830
0.111804
0.111556
0.111973
0.112168
0.112362
0.112555
0.112527
0.112500
0.112254
0.112445
0.112418
0.112609
0.112798
0.112771
0.112527
0.112284
0.112043
0.112232
0.112206
0.111966
0.111940
0.111702
0.111677
0.112076
0.112051
0.111814
0.111579
0.111765
0.111530
0.111925
0.111691
0.111458
0.111850
0.112241
0.112008
0.111983
0.111959
0.111728
0.111910
0.111680
0.111656
0.111633
0.111405
0.111179
0.111562
0.111741
0.111515
0.111290
0.111268
0.111245
0.111022
0.110800
0.110579
0.110558
0.110537
0.110317
0.110297
0.110079
0.110059
0.110039
0.109823
0.109804
0.109785
0.109570
0.109357
0.109728
0.109903
0.109690
0.109671
0.109653
0.109634
0.109423
0.109405
0.109195
0.109178
0.109160
0.108952
0.109125
0.109108
0.108902
0.108696
0.108868
0.108851
0.108835
0.108630
0.108614
0.108411
0.108769
0.108566
0.108736
0.108905
0.108704
0.108688
0.108856
0.108656
0.108456
0.108440
0.108608
0.108958
0.108942
0.108743
0.108727
0.108530
0.108333
0.108137
0.107942
0.107928
0.107734
0.107540
0.107527
0.107513
0.107321
0.107487
0.107473
0.107282
0.107270
0.107434
0.107420
0.107584
0.107570
0.107381
0.107193
0.107005
0.106818
0.106632
0.106446
0.106261
0.106250
0.106586
0.106574
0.106390
0.106552
0.106540
0.106529
0.106346
0.106678
0.106667
0.106485
0.106474
0.106293
0.106282
0.106441
0.106430
0.106419
0.106745
0.106734
0.107059
0.106879
0.106700
0.106689
0.106678
0.106667
0.106489
0.107143
0.107297
0.107450
0.107603
0.107426
0.107743
0.107730
0.107882
0.108033
0.108020
0.108007
0.107993
0.108306
0.108455
0.108279
0.108266
0.108091
0.108078
0.108065
0.108052
0.108360
0.108347
0.108173
0.108000
0.108147
0.108134
0.108121
0.107949
0.107778
0.107924
0.108070
0.107899
0.108360
0.108346
0.108333
0.108320
0.108307
0.108138
0.108125
0.108580
0.108723
0.108865
0.109006
0.108837
0.108824
0.108655
0.108488
0.108320
0.108308
0.108295
0.108436
0.108423
0.108257
0.108092
0.108232
0.108219
0.108055
0.108346
0.108333
0.108169
0.108308
0.108296
0.108133
0.108120
0.108258
0.108096
0.107934
0.107773
0.107761
0.107601
0.107738
0.107727
0.107864
0.108000
0.107840
0.107829
0.107817
0.108395
0.108382
0.108370
0.108358
0.108346
0.108333
0.108467
0.108601
0.108443
0.108285
0.108418
0.108406
0.108394
0.108526
0.108658
0.109078
0.109065
0.109052
0.109039
0.109456
0.109442
0.109286
0.109130
0.109259
0.109246
0.109091
0.109362
0.109348
0.109194
0.109181
0.109168
0.109014
0.108861
0.108848
0.108836
0.108964
0.109231
0.109358
0.109205
0.109192
0.109040
0.109167
0.109293
0.109141
0.108990
0.109116
0.108966
0.109091
0.109216
0.109203
0.109191
0.109178
0.109166
0.109563
0.109413
0.109264
0.109524
0.109375
0.109498
0.109621
0.109743
0.109730
0.109852
0.109704
0.109690
0.109543
0.109396
0.109383
0.109371
0.109626
0.109613
0.109600
0.109854
0.109973
0.109827
0.109814
0.109669
0.109656
0.109511
0.109499
0.109618
0.109605
0.109461
0.109318
0.109305
0.109293
0.109412
0.109399
0.109387
0.109245
0.109233
0.109221
0.109339
0.109197
0.109185
0.109173
0.109032
0.109021
0.109138
0.109255
0.109243
0.109359
0.109219
0.109335
0.109323
0.109184
0.109172
0.109288
0.109276
0.109137
0.108999
0.109114
0.109355
0.109470
0.109458
0.109320
0.109560
0.109673
0.109661
0.109649
0.109762
0.109750
0.109613
0.109476
0.109465
0.109328
0.109441
0.109429
0.109294
0.109406
0.109394
0.109383
0.109494
0.109360
0.109348
0.109337
0.109202
0.109314
0.109302
0.109169
0.109280
0.109146
0.109013
0.108881
0.108748
0.108738
0.108970
0.108959
0.109069
0.109058
0.109047
0.109036
0.109146
0.109135
0.109244
0.109353
0.109341
0.109330
0.109558
0.109666
0.109654
0.109524
0.109750
0.109739
0.109609
0.109834
0.109704
0.109693
0.109681
0.109552
0.109423
0.109412
0.109283
0.109155
0.109144
0.109133
0.109006
0.108879
0.108868
0.108974
0.108964
0.108837
0.108827
0.108817
0.108691
0.108565
0.108439
0.108314
0.108189
0.108065
0.107940
0.108046
0.108037
0.108028
0.108018
0.107895
0.107771
0.107877
0.107868
0.107745
0.107736
0.107955
0.107946
0.108050
0.107928
0.107919
0.107910
0.108014
0.108117
0.108221
0.108211
0.108427
0.108305
0.108296
0.108175
0.108166
0.108156
0.108147
0.108250
0.108241
0.108231
0.108222
0.108435
0.108426
0.108638
0.108518
0.108398
0.108389
0.108269
0.108150
0.108361
0.108571
0.108452
0.108333
0.108653
0.108534
0.108415
0.108297
0.108179
0.108279
0.108161
0.108152
0.108143
0.108134
0.108126
0.108117
0.108108
0.108099
0.107983
0.107866
0.108073
0.107957
0.107948
0.107940
0.107931
0.107923
0.108021
0.108226
0.108538
0.108422
0.108307
0.108298
0.108183
0.108068
0.107953
0.107945
0.107937
0.107822
0.107709
0.107595
0.107798
0.107789
0.107781
0.107668
0.107765
0.107757
0.107749
0.107741
0.107628
0.107620
0.107612
0.107500
0.107596
0.107588
0.107477
0.107780
0.107876
0.107764
0.107756
0.107748
0.107843
0.107732
0.107621
0.107613
0.107605
0.107598
0.107487
0.107377
0.107369
0.107260
0.107354
0.107245
0.107339
0.107230
0.107426
0.107317
0.107310
0.107201
0.107396
0.107287
0.107280
0.107374
0.107568
0.107460
0.107553
0.107545
0.107538
0.107631
0.107823
0.107916
0.108008
0.107900
0.096000
0.100000
0.100000
0.100000
0.080000
0.083333
0.100000
0.100000
0.088889
0.090000
0.090909
0.083333
0.092308
0.085714
0.086667
0.087500
0.100000
0.094444
0.100000
0.105000
0.109524
0.113636
0.108696
0.104167
0.104000
0.111538
0.111111
0.107143
0.106897
0.106667
0.103226
0.103125
0.103030
0.100000
0.097143
0.100000
0.097297
0.100000
0.102564
0.102500
0.104878
0.107143
0.104651
0.104545
0.102222
0.102174
0.102128
0.102083
0.100000
0.098000
0.096078
0.094231
0.092453
0.092593
0.092727
0.094643
0.096491
0.096552
0.096610
0.098333
0.098361
0.100000
0.098413
0.098438
0.096923
0.096970
0.095522
0.094118
0.095652
0.094286
0.095775
0.095833
0.097260
0.098649
0.097333
0.100000
0.100000
0.101282
0.100000
0.101250
0.101235
0.100000
0.100000
0.098810
0.098824
0.098837
0.101149
0.100000
0.101124
0.101111
0.101099
0.101087
0.100000
0.098936
0.098947
0.098958
0.098969
0.097959
0.096970
0.096000
0.096040
0.096078
0.095146
0.094231
0.094286
0.094340
0.096262
0.096296
0.096330
0.096364
0.095495
0.095536
0.095575
0.095614
0.094783
0.093966
0.093162
0.093220
0.093277
0.093333
0.093388
0.093443
0.094309
0.095161
0.094400
0.094444
0.094488
0.094531
0.095349
0.095385
0.094656
0.095455
0.096241
0.095522
0.095556
0.095588
0.095620
0.095652
0.094964
0.094286
0.093617
0.093662
0.093007
0.093056
0.093103
0.092466
0.093197
0.093919
0.094631
0.094667
0.095364
0.095395
0.095425
0.095455
0.095484
0.095513
0.095541
0.094937
0.094969
0.094375
0.096273
0.096914
0.097546
0.098780
0.100000
0.100000
0.099401
0.099405
0.098817
0.100000
0.099415
0.098837
0.100000
0.100575
0.101143
0.101136
0.100565
0.100562
0.100000
0.100000
0.100000
0.100000
0.100546
0.100000
0.099459
0.098925
0.098930
0.099468
0.100000
0.099474
0.100000
0.099479
0.099482
0.099485
0.098974
0.098980
0.099492
0.100000
0.100000
0.100500
0.100498
0.100495
0.100493
0.100490
0.101463
0.100971
0.100966
0.100962
0.101914
0.102857
0.102370
0.101887
0.101878
0.101402
0.101860
0.101852
0.101382
0.100917
0.100457
0.100000
0.100000
0.100000
0.099552
0.099107
0.100000
0.100000
0.099559
0.100877
0.101310
0.101739
0.102164
0.101724
0.101717
0.101709
0.101277
0.100847
0.100844
0.100420
0.100837
0.101250
0.100830
0.101653
0.102058
0.102049
0.102041
0.101626
0.101215
0.100806
0.101205
0.100800
0.101195
0.101190
0.101186
0.100787
0.101961
0.103125
0.103113
0.103101
0.103861
0.103462
0.103448
0.103435
0.104183
0.104545
0.104151
0.103759
0.103371
0.102985
0.103717
0.103333
0.103321
0.103309
0.102930
0.102555
0.102182
0.102899
0.103249
0.102878
0.102867
0.102857
0.103203
0.103901
0.104240
0.104225
0.104561
0.104895
0.105226
0.105556
0.105536
0.105862
0.105498
0.105822
0.105802
0.105442
0.105763
0.105743
0.105387
0.106376
0.106355
0.106667
0.106645
0.106291
0.106271
0.105921
0.105902
0.106209
0.106189
0.106169
0.106149
0.106774
0.106431
0.106090
0.106070
0.106051
0.106349
0.106646
0.106625
0.106289
0.106270
0.106563
0.106231
0.105901
0.106502
0.106481
0.106769
0.106748
0.106422
0.106402
0.106383
0.106970
0.106647
0.106325
0.106907
0.106587
0.106567
0.106250
0.106231
0.106213
0.105900
0.106176
0.106452
0.106433
0.106122
0.106395
0.106957
0.107225
0.106916
0.106897
0.107163
0.107143
0.107123
0.107102
0.107082
0.106780
0.106761
0.106461
0.106162
0.106425
0.106128
0.106389
0.106094
0.106354
0.106612
0.106593
0.106575
0.106831
0.106812
0.106522
0.106504
0.106486
0.106199
0.106452
0.106971
0.106952
0.106933
0.106649
0.107162
0.106878
0.106860
0.107105
0.107612
0.108115
0.108094
0.108333
0.108312
0.108808
0.108786
0.108505
0.108226
0.107949
0.107673
0.108673
0.108651
0.108629
0.108354
0.108081
0.108564
0.108543
0.108521
0.108750
0.108728
0.109204
0.109181
0.110149
0.109877
0.110345
0.110811
0.111029
0.111491
0.111463
0.111436
0.111165
0.110896
0.110870
0.111084
0.111058
0.111271
0.111244
0.111217
0.110952
0.111164
0.111374
0.111584
0.111557
0.111529
0.111972
0.112412
0.112383
0.112354
0.112093
0.111833
0.111806
0.112471
0.112212
0.112184
0.112156
0.112357
0.112100
0.112073
0.112273
0.112245
0.112217
0.112190
0.112387
0.112360
0.112108
0.111857
0.111830
0.111804
0.111556
0.111973
0.112168
0.112362
0.112555
0.112527
0.112500
0.112254
0.112445
0.112418
0.112609
0.112798
0.112771
0.112527
0.112284
0.112043
0.112232
0.112206
0.111966
0.111940
0.111702
0.111677
0.112076
0.112051
0.111814
0.111579
0.111765
0.111530
0.111925
0.111691
0.111458
0.111850
0.112241
0.112008
0.111983
0.111959
0.111728
0.111910
0.111680
0.111656
0.111633
0.111405
0.111179
0.111562
0.111741
0.111515
0.111290
0.111268
0.111245
0.111022
0.110800
0.110579
0.110558
0.110537
0.110317
0.110297
0.110079
0.110059
0.110039
0.109823
0.109804
0.109785
0.109570
0.109357
0.109728
0.109903
0.109690
0.109671
0.109653
0.109634
0.109423
0.109405
0.109195
0.109178
0.109160
0.108952
0.109125
0.109108
0.108902
0.108696
0.108868
0.108851
0.108835
0.108630
0.108614
0.108411
0.108769
0.108566
0.108736
0.108905
0.108704
0.108688
0.108856
0.108656
0.108456
0.108440
0.108608
0.108958
0.108942
0.108743
0.108727
0.108530
0.108333
0.108137
0.107942
0.107928
0.107734
0.107540
0.107527
0.107513
0.107321
0.107487
0.107473
0.107282
0.107270
0.107434
0.107420
0.107584
0.107570
0.107381
0.107193
0.107005
0.106818
0.106632
0.106446
0.106261
0.106250
0.106586
0.106574
0.106390
0.106552
0.106540
0.106529
0.106346
0.106678
0.106667
0.106485
0.106474
0.106293
0.106282
0.106441
0.106430
0.106419
0.106745
0.106734
0.107059
0.106879
0.106700
0.106689
0.106678
0.106667
0.106489
0.107143
0.107297
0.107450
0.107603
0.107426
0.107743
0.107730
0.107882
0.108033
0.108020
0.108007
0.107993
0.108306
0.108455
0.108279
0.108266
0.108091
0.108078
0.108065
0.108052
0.108360
0.108347
0.108173
0.108000
0.108147
0.108134
0.108121
0.107949
0.107778
0.107924
0.108070
0.107899
0.108360
0.108346
0.108333
0.108320
0.108307
0.108138
0.108125
0.108580
0.108723
0.108865
0.109006
0.108837
0.108824
0.108655
0.108488
0.108320
0.108308
0.108295
0.108436
0.108423
0.108257
0.108092
0.108232
0.108219
0.108055
0.108346
0.108333
0.108169
0.108308
0.108296
0.108133
0.108120
0.108258
0.108096
0.107934
0.107773
0.107761
0.107601
0.107738
0.107727
0.107864
0.108000
0.107840
0.107829
0.107817
0.108395
0.108382
0.108370
0.108358
0.108346
0.108333
0.108467
0.108601
0.108443
0.108285
0.108418
0.108406
0.108394
0.108526
0.108658
0.109078
0.109065
0.109052
0.109039
0.109456
0.109442
0.109286
0.109130
0.109259
0.109246
0.109091
0.109362
0.109348
0.109194
0.109181
0.109168
0.109014
0.108861
0.108848
0.108836
0.108964
0.109231
0.109358
0.109205
0.109192
0.109040
0.109167
0.109293
0.109141
0.108990
0.109116
0.108966
0.109091
0.109216
0.109203
0.109191
0.109178
0.109166
0.109563
0.109413
0.109264
0.109524
0.109375
0.109498
0.109621
0.109743
0.109730
0.109852
0.109704
0.109690
0.109543
0.109396
0.109383
0.109371
0.109626
0.109613
0.109600
0.109854
0.109973
0.109827
0.109814
0.109669
0.109656
0.109511
0.109499
0.109618
0.109605
0.109461
0.109318
0.109305
0.109293
0.109412
0.109399
0.109387
0.109245
0.109233
0.109221
0.109339
0.109197
0.109185
0.109173
0.109032
0.109021
0.109138
0.109255
0.109243
0.109359
0.109219
0.109335
0.109323
0.109184
0.109172
0.109288
0.109276
0.109137
0.108999
0.109114
0.109355
0.109470
0.109458
0.109320
0.109560
0.109673
0.109661
0.109649
0.109762
0.109750
0.109613
0.109476
0.109465
0.109328
0.109441
0.109429
0.109294
0.109406
0.109394
0.109383
0.109494
0.109360
0.109348
0.109337
0.109202
0.109314
0.109302
0.109169
0.109280
0.109146
0.109013
0.108881
0.108748
0.108738
0.108970
0.108959
0.109069
0.109058
0.109047
0.109036
0.109146
0.109135
0.109244
0.109353
0.109341
0.109330
0.109558
0.109666
0.109654
0.109524
0.109750
0.109739
0.109609
0.109834
0.109704
0.109693
0.109681
0.109552
0.109423
0.109412
0.109283
0.109155
0.109144
0.109133
0.109006
0.108879
0.108868
0.108974
0.108964
0.108837
0.108827
0.108817
0.108691
0.108565
0.108439
0.108314
0.108189
0.108065
0.107940
0.108046
0.108037
0.108028
0.108018
0.107895
0.107771
0.107877
0.107868
0.107745
0.107736
0.107955
0.107946
0.108050
0.107928
0.107919
0.107910
0.108014
0.108117
0.108221
0.108211
0.108427
0.108305
0.108296
0.108175
0.108166
0.108156
0.108147
0.108250
0.108241
0.108231
0.108222
0.108435
0.108426
0.108638
0.108518
0.108398
0.108389
0.108269
0.108150
0.108361
0.108571
0.108452
0.108333
0.108653
0.108534
0.108415
0.108297
0.108179
0.108279
0.108161
0.108152
0.108143
0.108134
0.108126
0.108117
0.108108
0.108099
0.107983
0.107866
0.108073
0.107957
0.107948
0.107940
0.107931
0.107923
0.108021
0.108226
0.108538
0.108422
0.108307
0.108298
0.108183
0.108068
0.107953
0.107945
0.107937
0.107822
0.107709
0.107595
0.107798
0.107789
0.107781
0.107668
0.107765
0.107757
0.107749
0.107741
0.107628
0.107620
0.107612
0.107500
0.107596
0.107588
0.107477
0.107780
0.107876
0.107764
0.107756
0.107748
0.107843
0.107732
0.107621
0.107613
0.107605
0.107598
0.107487
0.107377
0.107369
0.107260
0.107354
0.107245
0.107339
0.107230
0.107426
0.107317
0.107310
0.107201
0.107396
0.107287
0.107280
0.107374
0.107568
0.107460
0.107553
0.107545
0.107538
0.107631
0.107823
0.107916
0.108008
0.107900
0.096000
0.100000
0.100000
0.100000
0.080000
0.083333
0.100000
0.100000
0.088889
0.090000
0.090909
0.083333
0.092308
0.085714
0.086667
0.087500
0.100000
0.094444
0.100000
0.105000
0.109524
0.113636
0.108696
0.104167
0.104000
0.111538
0.111111
0.107143
0.106897
0.106667
0.103226
0.103125
0.103030
0.100000
0.097143
0.100000
0.097297
0.100000
0.102564
0.102500
0.104878
0.107143
0.104651
0.104545
0.102222
0.102174
0.102128
0.102083
0.100000
0.098000
0.096078
0.094231
0.092453
0.092593
0.092727
0.094643
0.096491
0.096552
0.096610
0.098333
0.098361
0.100000
0.098413
0.098438
0.096923
0.096970
0.095522
0.094118
0.095652
0.094286
0.095775
0.095833
0.097260
0.098649
0.097333
0.100000
0.100000
0.101282
0.100000
0.101250
0.101235
0.100000
0.100000
0.098810
0.098824
0.098837
0.101149
0.100000
0.101124
0.101111
0.101099
0.101087
0.100000
0.098936
0.098947
0.098958
0.098969
0.097959
0.096970
0.096000
0.096040
0.096078
0.095146
0.094231
0.094286
0.094340
0.096262
0.096296
0.096330
0.096364
0.095495
0.095536
0.095575
0.095614
0.094783
0.093966
0.093162
0.093220
0.093277
0.093333
0.093388
0.093443
0.094309
0.095161
0.094400
0.094444
0.094488
0.094531
0.095349
0.095385
0.094656
0.095455
0.096241
0.095522
0.095556
0.095588
0.095620
0.095652
0.094964
0.094286
0.093617
0.093662
0.093007
0.093056
0.093103
0.092466
0.093197
0.093919
0.094631
0.094667
0.095364
0.095395
0.095425
0.095455
0.095484
0.095513
0.095541
0.094937
0.094969
0.094375
0.096273
0.096914
0.097546
0.098780
0.100000
0.100000
0.099401
0.099405
0.098817
0.100000
0.099415
0.098837
0.100000
0.100575
0.101143
0.101136
0.100565
0.100562
0.100000
0.100000
0.100000
0.100000
0.100546
0.100000
0.099459
0.098925
0.098930
0.099468
0.100000
0.099474
0.100000
0.099479
0.099482
0.099485
0.098974
0.098980
0.099492
0.100000
0.100000
0.100500
0.100498
0.100495
0.100493
0.100490
0.101463
0.100971
0.100966
0.100962
0.101914
0.102857
0.102370
0.101887
0.101878
0.101402
0.101860
0.101852
0.101382
0.100917
0.100457
0.100000
0.100000
0.100000
0.099552
0.099107
0.100000
0.100000
0.099559
0.100877
0.101310
0.101739
0.102164
0.101724
0.101717
0.101709
0.101277
0.100847
0.100844
0.100420
0.100837
0.101250
0.100830
0.101653
0.102058
0.102049
0.102041
0.101626
0.101215
0.100806
0.101205
0.100800
0.101195
0.101190
0.101186
0.100787
0.101961
0.103125
0.103113
0.103101
0.103861
0.103462
0.103448
0.103435
0.104183
0.104545
0.104151
0.103759
0.103371
0.102985
0.103717
0.103333
0.103321
0.103309
0.102930
0.102555
0.102182
0.102899
0.103249
0.102878
0.102867
0.102857
0.103203
0.103901
0.104240
0.104225
0.104561
0.104895
0.105226
0.105556
0.105536
0.105862
0.105498
0.105822
0.105802
0.105442
0.105763
0.105743
0.105387
0.106376
0.106355
0.106667
0.106645
0.106291
0.106271
0.105921
0.105902
0.106209
0.106189
0.106169
0.106149
0.106774
0.106431
0.106090
0.106070
0.106051
0.106349
0.106646
0.106625
0.106289
0.106270
0.106563
0.106231
0.105901
0.106502
0.106481
0.106769
0.106748
0.106422
0.106402
0.106383
0.106970
0.106647
0.106325
0.106907
0.106587
0.106567
0.106250
0.106231
0.106213
0.105900
0.106176
0.106452
0.106433
0.106122
0.106395
0.106957
0.107225
0.106916
0.106897
0.107163
0.107143
0.107123
0.107102
0.107082
0.106780
0.106761
0.106461
0.106162
0.106425
0.106128
0.106389
0.106094
0.106354
0.106612
0.106593
0.106575
0.106831
0.106812
0.106522
0.106504
0.106486
0.106199
0.106452
0.106971
0.106952
0.106933
0.106649
0.107162
0.106878
0.106860
0.107105
0.107612
0.108115
0.108094
0.108333
0.108312
0.108808
0.108786
0.108505
0.108226
0.107949
0.107673
0.108673
0.108651
0.108629
0.108354
0.108081
0.108564
0.108543
0.108521
0.108750
0.108728
0.109204
0.109181
0.110149
0.109877
0.110345
0.110811
0.111029
0.111491
0.111463
0.111436
0.111165
0.110896
0.110870
0.111084
0.111058
0.111271
0.111244
0.111217
0.110952
0.111164
0.111374
0.111584
0.111557
0.111529
0.111972
0.112412
0.112383
0.112354
0.112093
0.111833
0.111806
0.112471
0.112212
0.112184
0.112156
0.112357
0.112100
0.112073
0.112273
0.112245
0.112217
0.112190
0.112387
0.112360
0.112108
0.111857
0.111830
0.111804
0.111556
0.111973
0.112168
0.112362
0.112555
0.112527
0.112500
0.112254
0.112445
0.112418
0.112609
0.112798
0.112771
0.112527
0.112284
0.112043
0.112232
0.112206
0.111966
0.111940
0.111702
0.111677
0.112076
0.112051
0.111814
0.111579
0.111765
0.111530
0.111925
0.111691
0.111458
0.111850
0.112241
0.112008
0.111983
0.111959
0.111728
0.111910
0.111680
0.111656
0.111633
0.111405
0.111179
0.111562
0.111741
0.111515
0.111290
0.111268
0.111245
0.111022
0.110800
0.110579
0.110558
0.110537
0.110317
0.110297
0.110079
0.110059
0.110039
0.109823
0.109804
0.109785
0.109570
0.109357
0.109728
0.109903
0.109690
0.109671
0.109653
0.109634
0.109423
0.109405
0.109195
0.109178
0.109160
0.108952
0.109125
0.109108
0.108902
0.108696
0.108868
0.108851
0.108835
0.108630
0.108614
0.108411
0.108769
0.108566
0.108736
0.108905
0.108704
0.108688
0.108856
0.108656
0.108456
0.108440
0.108608
0.108958
0.108942
0.108743
0.108727
0.108530
0.108333
0.108137
0.107942
0.107928
0.107734
0.107540
0.107527
0.107513
0.107321
0.107487
0.107473
0.107282
0.107270
0.107434
0.107420
0.107584
0.107570
0.107381
0.107193
0.107005
0.106818
0.106632
0.106446
0.106261
0.106250
0.106586
0.106574
0.106390
0.106552
0.106540
0.106529
0.106346
0.106678
0.106667
0.106485
0.106474
0.106293
0.106282
0.106441
0.106430
0.106419
0.106745
0.106734
0.107059
0.106879
0.106700
0.106689
0.106678
0.106667
0.106489
0.107143
0.107297
0.107450
0.107603
0.107426
0.107743
0.107730
0.107882
0.108033
0.108020
0.108007
0.107993
0.108306
0.108455
0.108279
0.108266
0.108091
0.108078
0.108065
0.108052
0.108360
0.108347
0.108173
0.108000
0.108147
0.108134
0.108121
0.107949
0.107778
0.107924
0.108070
0.107899
0.108360
0.108346
0.108333
0.108320
0.108307
0.108138
0.108125
0.108580
0.108723
0.108865
0.109006
0.108837
0.108824
0.108655
0.108488
0.108320
0.108308
0.108295
0.108436
0.108423
0.108257
0.108092
0.108232
0.108219
0.108055
0.108346
0.108333
0.108169
0.108308
0.108296
0.108133
0.108120
0.108258
0.108096
0.107934
0.107773
0.107761
0.107601
0.107738
0.107727
0.107864
0.108000
0.107840
0.107829
0.107817
0.108395
0.108382
0.108370
0.108358
0.108346
0.108333
0.108467
0.108601
0.108443
0.108285
0.108418
0.108406
0.108394
0.108526
0.108658
0.109078
0.109065
0.109052
0.109039
0.109456
0.109442
0.109286
0.109130
0.109259
0.109246
0.109091
0.109362
0.109348
0.109194
0.109181
0.109168
0.109014
0.108861
0.108848
0.108836
0.108964
0.109231
0.109358
0.109205
0.109192
0.109040
0.109167
0.109293
0.109141
0.108990
0.109116
0.108966
0.109091
0.109216
0.109203
0.109191
0.109178
0.109166
0.109563
0.109413
0.109264
0.109524
0.109375
0.109498
0.109621
0.109743
0.109730
0.109852
0.109704
0.109690
0.109543
0.109396
0.109383
0.109371
0.109626
0.109613
0.109600
0.109854
0.109973
0.109827
0.109814
0.109669
0.109656
0.109511
0.109499
0.109618
0.109605
0.109461
0.109318
0.109305
0.109293
0.109412
0.109399
0.109387
0.109245
0.109233
0.109221
0.109339
0.109197
0.109185
0.109173
0.109032
0.109021
0.109138
0.109255
0.109243
0.109359
0.109219
0.109335
0.109323
0.109184
0.109172
0.109288
0.109276
0.109137
0.108999
0.109114
0.109355
0.109470
0.109458
0.109320
0.109560
0.109673
0.109661
0.109649
0.109762
0.109750
0.109613
0.109476
0.109465
0.109328
0.109441
0.109429
0.109294
0.109406
0.109394
0.109383
0.109494
0.109360
0.109348
0.109337
0.109202
0.109314
0.109302
0.109169
0.109280
0.109146
0.109013
0.108881
0.108748
0.108738
0.108970
0.108959
0.109069
0.109058
0.109047
0.109036
0.109146
0.109135
0.109244
0.109353
0.109341
0.109330
0.109558
0.109666
0.109654
0.109524
0.109750
0.109739
0.109609
0.109834
0.109704
0.109693
0.109681
0.109552
0.109423
0.109412
0.109283
0.109155
0.109144
0.109133
0.109006
0.108879
0.108868
0.108974
0.108964
0.108837
0.108827
0.108817
0.108691
0.108565
0.108439
0.108314
0.108189
0.108065
0.107940
0.108046
0.108037
0.108028
0.108018
0.107895
0.107771
0.107877
0.107868
0.107745
0.107736
0.107955
0.107946
0.108050
0.107928
0.107919
0.107910
0.108014
0.108117
0.108221
0.108211
0.108427
0.108305
0.108296
0.108175
0.108166
0.108156
0.108147
0.108250
0.108241
0.108231
0.108222
0.108435
0.108426
0.108638
0.108518
0.108398
0.108389
0.108269
0.108150
0.108361
0.108571
0.108452
0.108333
0.108653
0.108534
0.108415
0.108297
0.108179
0.108279
0.108161
0.108152
0.108143
0.108134
0.108126
0.108117
0.108108
0.108099
0.107983
0.107866
0.108073
0.107957
0.107948
0.107940
0.107931
0.107923
0.108021
0.108226
0.108538
0.108422
0.108307
0.108298
0.108183
0.108068
0.107953
0.107945
0.107937
0.107822
0.107709
0.107595
0.107798
0.107789
0.107781
0.107668
0.107765
0.107757
0.107749
0.107741
0.107628
0.107620
0.107612
0.107500
0.107596
0.107588
0.107477
0.107780
0.107876
0.107764
0.107756
0.107748
0.107843
0.107732
0.107621
0.107613
0.107605
0.107598
0.107487
0.107377
0.107369
0.107260
0.107354
0.107245
0.107339
0.107230
0.107426
0.107317
0.107310
0.107201
0.107396
0.107287
0.107280
0.107374
0.107568
0.107460
0.107553
0.107545
0.107538
0.107631
0.107823
0.107916
0.108008
0.107900
0.096000
0.100000
0.100000
0.100000
0.080000
0.083333
0.100000
0.100000
0.088889
0.090000
0.090909
0.083333
0.092308
0.085714
0.086667
0.087500
0.100000
0.094444
0.100000
0.105000
0.109524
0.113636
0.108696
0.104167
0.104000
0.111538
0.111111
0.107143
0.106897
0.106667
0.103226
0.103125
0.103030
0.100000
0.097143
0.100000
0.097297
0.100000
0.102564
0.102500
0.104878
0.107143
0.104651
0.104545
0.102222
0.102174
0.102128
0.102083
0.100000
0.098000
0.096078
0.094231
0.092453
0.092593
0.092727
0.094643
0.096491
0.096552
0.096610
0.098333
0.098361
0.100000
0.098413
0.098438
0.096923
0.096970
0.095522
0.094118
0.095652
0.094286
0.095775
0.095833
0.097260
0.098649
0.097333
0.100000
0.100000
0.101282
0.100000
0.101250
0.101235
0.100000
0.100000
0.098810
0.098824
0.098837
0.101149
0.100000
0.101124
0.101111
0.101099
0.101087
0.100000
0.098936
0.098947
0.098958
0.098969
0.097959
0.096970
0.096000
0.096040
0.096078
0.095146
0.094231
0.094286
0.094340
0.096262
0.096296
0.096330
0.096364
0.095495
0.095536
0.095575
0.095614
0.094783
0.093966
0.093162
0.093220
0.093277
0.093333
0.093388
0.093443
0.094309
0.095161
0.094400
0.094444
0.094488
0.094531
0.095349
0.095385
0.094656
0.095455
0.096241
0.095522
0.095556
0.095588
0.095620
0.095652
0.094964
0.094286
0.093617
0.093662
0.093007
0.093056
0.093103
0.092466
0.093197
0.093919
0.094631
0.094667
0.095364
0.095395
0.095425
0.095455
0.095484
0.095513
0.095541
0.094937
0.094969
0.094375
0.096273
0.096914
0.097546
0.098780
0.100000
0.100000
0.099401
0.099405
0.098817
0.100000
0.099415
0.098837
0.100000
0.100575
0.101143
0.101136
0.100565
0.100562
0.100000
0.100000
0.100000
0.100000
0.100546
0.100000
0.099459
0.098925
0.098930
0.099468
0.100000
0.099474
0.100000
0.099479
0.099482
0.099485
0.098974
0.098980
0.099492
0.100000
0.100000
0.100500
0.100498
0.100495
0.100493
0.100490
0.101463
0.100971
0.100966
0.100962
0.101914
0.102857
0.102370
0.101887
0.101878
0.101402
0.101860
0.101852
0.101382
0.100917
0.100457
0.100000
0.100000
0.100000
0.099552
0.099107
0.100000
0.100000
0.099559
0.100877
0.101310
0.101739
0.102164
0.101724
0.101717
0.101709
0.101277
0.100847
0.100844
0.100420
0.100837
0.101250
0.100830
0.101653
0.102058
0.102049
0.102041
0.101626
0.101215
0.100806
0.101205
0.100800
0.101195
0.101190
0.101186
0.100787
0.101961
0.103125
0.103113
0.103101
0.103861
0.103462
0.103448
0.103435
0.104183
0.104545
0.104151
0.103759
0.103371
0.102985
0.103717
0.103333
0.103321
0.103309
0.102930
0.102555
0.102182
0.102899
0.103249
0.102878
0.102867
0.102857
0.103203
0.103901
0.104240
0.104225
0.104561
0.104895
0.105226
0.105556
0.105536
0.105862
0.105498
0.105822
0.105802
0.105442
0.105763
0.105743
0.105387
0.106376
0.106355
0.106667
0.106645
0.106291
0.106271
0.105921
0.105902
0.106209
0.106189
0.106169
0.106149
0.106774
0.106431
0.106090
0.106070
0.106051
0.106349
0.106646
0.106625
0.106289
0.106270
0.106563
0.106231
0.105901
0.106502
0.106481
0.106769
0.106748
0.106422
0.106402
0.106383
0.106970
0.106647
0.106325
0.106907
0.106587
0.106567
0.106250
0.106231
0.106213
0.105900
0.106176
0.106452
0.106433
0.106122
0.106395
0.106957
0.107225
0.106916
0.106897
0.107163
0.107143
0.107123
0.107102
0.107082
0.106780
0.106761
0.106461
0.106162
0.106425
0.106128
0.106389
0.106094
0.106354
0.106612
0.106593
0.106575
0.106831
0.106812
0.106522
0.106504
0.106486
0.106199
0.106452
0.106971
0.106952
0.106933
0.106649
0.107162
0.106878
0.106860
0.107105
0.107612
0.108115
0.108094
0.108333
0.108312
0.108808
0.108786
0.108505
0.108226
0.107949
0.107673
0.108673
0.108651
0.108629
0.108354
0.108081
0.108564
0.108543
0.108521
0.108750
0.108728
0.109204
0.109181
0.110149
0.109877
0.110345
0.110811
0.111029
0.111491
0.111463
0.111436
0.111165
0.110896
0.110870
0.111084
0.111058
0.111271
0.111244
0.111217
0.110952
0.111164
0.111374
0.111584
0.111557
0.111529
0.111972
0.112412
0.112383
0.112354
0.112093
0.111833
0.111806
0.112471
0.112212
0.112184
0.112156
0.112357
0.112100
0.112073
0.112273
0.112245
0.112217
0.112190
0.112387
0.112360
0.112108
0.111857
0.111830
0.111804
0.111556
0.111973
0.112168
0.112362
0.112555
0.112527
0.112500
0.112254
0.112445
0.112418
0.112609
0.112798
0.112771
0.112527
0.112284
0.112043
0.112232
0.112206
0.111966
0.111940
0.111702
0.111677
0.112076
0.112051
0.111814
0.111579
0.111765
0.111530
0.111925
0.111691
0.111458
0.111850
0.112241
0.112008
0.111983
0.111959
0.111728
0.111910
0.111680
0.111656
0.111633
0.111405
0.111179
0.111562
0.111741
0.111515
0.111290
0.111268
0.111245
0.111022
0.110800
0.110579
0.110558
0.110537
0.110317
0.110297
0.110079
0.110059
0.110039
0.109823
0.109804
0.109785
0.109570
0.109357
0.109728
0.109903
0.109690
0.109671
0.109653
0.109634
0.109423
0.109405
0.109195
0.109178
0.109160
0.108952
0.109125
0.109108
0.108902
0.108696
0.108868
0.108851
0.108835
0.108630
0.108614
0.108411
0.108769
0.108566
0.108736
0.108905
0.108704
0.108688
0.108856
0.108656
0.108456
0.108440
0.108608
0.108958
0.108942
0.108743
0.108727
0.108530
0.108333
0.108137
0.107942
0.107928
0.107734
0.107540
0.107527
0.107513
0.107321
0.107487
0.107473
0.107282
0.107270
0.107434
0.107420
0.107584
0.107570
0.107381
0.107193
0.107005
0.106818
0.106632
0.106446
0.106261
0.106250
0.106586
0.106574
0.106390
0.106552
0.106540
0.106529
0.106346
0.106678
0.106667
0.106485
0.106474
0.106293
0.106282
0.106441
0.106430
0.106419
0.106745
0.106734
0.107059
0.106879
0.106700
0.106689
0.106678
0.106667
0.106489
0.107143
0.107297
0.107450
0.107603
0.107426
0.107743
0.107730
0.107882
0.108033
0.108020
0.108007
0.107993
0.108306
0.108455
0.108279
0.108266
0.108091
0.108078
0.108065
0.108052
0.108360
0.108347
0.108173
0.108000
0.108147
0.108134
0.108121
0.107949
0.107778
0.107924
0.108070
0.107899
0.108360
0.108346
0.108333
0.108320
0.108307
0.108138
0.108125
0.108580
0.108723
0.108865
0.109006
0.108837
0.108824
0.108655
0.108488
0.108320
0.108308
0.108295
0.108436
0.108423
0.108257
0.108092
0.108232
0.108219
0.108055
0.108346
0.108333
0.108169
0.108308
0.108296
0.108133
0.108120
0.108258
0.108096
0.107934
0.107773
0.107761
0.107601
0.107738
0.107727
0.107864
0.108000
0.107840
0.107829
0.107817
0.108395
0.108382
0.108370
0.108358
0.108346
0.108333
0.108467
0.108601
0.108443
0.108285
0.108418
0.108406
0.108394
0.108526
0.108658
0.109078
0.109065
0.109052
0.109039
0.109456
0.109442
0.109286
0.109130
0.109259
0.109246
0.109091
0.109362
0.109348
0.109194
0.109181
0.109168
0.109014
0.108861
0.108848
0.108836
0.108964
0.109231
0.109358
0.109205
0.109192
0.109040
0.109167
0.109293
0.109141
0.108990
0.109116
0.108966
0.109091
0.109216
0.109203
0.109191
0.109178
0.109166
0.109563
0.109413
0.109264
0.109524
0.109375
0.109498
0.109621
0.109743
0.109730
0.109852
0.109704
0.109690
0.109543
0.109396
0.109383
0.109371
0.109626
0.109613
0.109600
0.109854
0.109973
0.109827
0.109814
0.109669
0.109656
0.109511
0.109499
0.109618
0.109605
0.109461
0.109318
0.109305
0.109293
0.109412
0.109399
0.109387
0.109245
0.109233
0.109221
0.109339
0.109197
0.109185
0.109173
0.109032
0.109021
0.109138
0.109255
0.109243
0.096000
0.100000
0.100000
0.100000
0.080000
0.083333
0.100000
0.100000
0.088889
0.090000
0.090909
0.083333
0.092308
0.085714
0.086667
0.087500
0.100000
0.094444
0.100000
0.105000
0.109524
0.113636
0.108696
0.104167
0.104000
0.111538
0.111111
0.107143
0.106897
0.106667
0.103226
0.103125
0.103030
0.100000
0.097143
0.100000
0.097297
0.100000
0.102564
0.102500
0.104878
0.107143
0.104651
0.104545
0.102222
0.102174
0.102128
0.102083
0.100000
0.098000
0.096078
0.094231
0.092453
0.092593
0.092727
0.094643
0.096491
0.096552
0.096610
0.098333
0.098361
0.100000
0.098413
0.098438
0.096923
0.096970
0.095522
0.094118
0.095652
0.094286
0.095775
0.095833
0.097260
0.098649
0.097333
0.100000
0.100000
0.101282
0.100000
0.101250
0.101235
0.100000
0.100000
0.098810
0.098824
0.098837
0.101149
0.100000
0.101124
0.101111
0.101099
0.101087
0.100000
0.098936
0.098947
0.098958
0.098969
0.097959
0.096970
0.096000
0.096040
0.096078
0.095146
0.094231
0.094286
0.094340
0.096262
0.096296
0.096330
0.096364
0.095495
0.095536
0.095575
0.095614
0.094783
0.093966
0.093162
0.093220
0.093277
0.093333
0.093388
0.093443
0.094309
0.095161
0.094400
0.094444
0.094488
0.094531
0.095349
0.095385
0.094656
0.095455
0.096241
0.095522
0.095556
0.095588
0.095620
0.095652
0.094964
0.094286
0.093617
0.093662
0.093007
0.093056
0.093103
0.092466
0.093197
0.093919
0.094631
0.094667
0.095364
0.095395
0.095425
0.095455
0.095484
0.095513
0.095541
0.094937
0.094969
0.094375
0.096273
0.096914
0.097546
0.098780
0.100000
0.100000
0.099401
0.099405
0.098817
0.100000
0.099415
0.098837
0.100000
0.100575
0.101143
0.101136
0.100565
0.100562
0.100000
0.100000
0.100000
0.100000
0.100546
0.100000
0.099459
0.098925
0.098930
0.099468
0.100000
0.099474
0.100000
0.099479
0.099482
0.099485
0.098974
0.098980
0.099492
0.100000
0.100000
0.100500
0.100498
0.100495
0.100493
0.100490
0.101463
0.100971
0.100966
0.100962
0.101914
0.102857
0.102370
0.101887
0.101878
0.101402
0.101860
0.101852
0.101382
0.100917
0.100457
0.100000
0.100000
0.100000
0.099552
0.099107
0.100000
0.100000
0.099559
0.100877
0.101310
0.101739
0.102164
0.101724
0.101717
0.101709
0.101277
0.100847
0.100844
0.100420
0.100837
0.101250
0.100830
0.101653
0.102058
0.102049
0.102041
0.101626
0.101215
0.100806
0.101205
0.100800
0.101195
0.101190
0.101186
0.100787
0.101961
0.103125
0.103113
0.103101
0.103861
0.103462
0.103448
0.103435
0.104183
0.104545
0.104151
0.103759
0.103371
0.102985
0.103717
0.103333
0.103321
0.103309
0.102930
0.102555
0.102182
0.102899
0.103249
0.102878
0.102867
0.102857
0.103203
0.103901
0.104240
0.104225
0.104561
0.104895
0.105226
0.105556
0.105536
0.105862
0.105498
0.105822
0.105802
0.105442
0.105763
0.105743
0.105387
0.106376
0.106355
0.106667
0.106645
0.106291
0.106271
0.105921
0.105902
0.106209
0.106189
0.106169
0.106149
0.106774
0.106431
0.106090
0.106070
0.106051
0.106349
0.106646
0.106625
0.106289
0.106270
0.106563
0.106231
0.105901
0.106502
0.106481
0.106769
0.106748
0.106422
0.106402
0.106383
0.106970
0.106647
0.106325
0.106907
0.106587
0.106567
0.106250
0.106231
0.106213
0.105900
0.106176
0.106452
0.106433
0.106122
0.106395
0.106957
0.107225
0.106916
0.106897
0.107163
0.107143
0.107123
0.107102
0.107082
0.106780
0.106761
0.106461
0.106162
0.106425
0.106128
0.106389
0.106094
0.106354
0.106612
0.106593
0.106575
0.106831
0.106812
0.106522
0.106504
0.106486
0.106199
0.106452
0.106971
0.106952
0.106933
0.106649
0.107162
0.106878
0.106860
0.107105
0.107612
0.108115
0.108094
0.108333
0.108312
0.108808
0.108786
0.108505
0.108226
0.107949
0.107673
0.108673
0.108651
0.108629
0.108354
0.108081
0.108564
0.108543
0.108521
0.108750
0.108728
0.109204
0.109181
0.110149
0.109877
0.110345
0.110811
0.111029
0.111491
0.111463
0.111436
0.111165
0.110896
0.110870
0.111084
0.111058
0.111271
0.111244
0.111217
0.110952
0.111164
0.111374
0.111584
0.111557
0.111529
0.111972
0.112412
0.112383
0.112354
0.112093
0.111833
0.111806
0.112471
0.112212
0.112184
0.112156
0.112357
0.112100
0.112073
0.112273
0.112245
0.112217
0.112190
0.112387
0.112360
0.112108
0.111857
0.111830
0.111804
0.111556
0.111973
0.112168
0.112362
0.112555
0.112527
0.112500
0.112254
0.112445
0.112418
0.112609
0.112798
0.112771
0.112527
0.112284
0.112043
0.112232
0.112206
0.111966
0.111940
0.111702
0.111677
0.112076
0.112051
0.111814
0.111579
0.111765
0.111530
0.111925
0.111691
0.111458
0.111850
0.112241
0.112008
0.111983
0.111959
0.111728
0.111910
0.111680
0.111656
0.111633
0.111405
0.111179
0.111562
0.111741
0.111515
0.111290
0.111268
0.111245
0.111022
0.110800
0.110579
0.110558
0.110537
0.110317
0.110297
0.110079
0.110059
0.110039
0.109823
0.109804
0.109785
0.109570
0.109357
0.109728
0.109903
0.109690
0.109671
0.109653
0.109634
0.109423
0.109405
0.109195
0.109178
0.109160
0.108952
0.109125
0.109108
0.108902
0.108696
0.108868
0.108851
0.108835
0.108630
0.108614
0.108411
0.108769
0.108566
0.108736
0.108905
0.108704
0.108688
0.108856
0.108656
0.108456
0.108440
0.108608
0.108958
0.108942
0.108743
0.108727
0.108530
0.108333
0.108137
0.107942
0.107928
0.107734
0.107540
0.107527
0.107513
0.107321
0.107487
0.107473
0.107282
0.107270
0.107434
0.107420
0.107584
0.107570
0.107381
0.107193
0.107005
0.106818
0.106632
0.106446
0.106261
0.106250
0.106586
0.106574
0.106390
0.106552
0.106540
0.106529
0.106346
0.106678
0.106667
0.106485
0.106474
0.106293
0.106282
0.106441
0.106430
0.106419
0.106745
0.106734
0.107059
0.106879
0.106700
0.106689
0.106678
0.106667
0.106489
0.107143
0.107297
0.107450
0.107603
0.107426
0.107743
0.107730
0.107882
0.108033
0.108020
0.108007
0.107993
0.108306
0.108455
0.108279
0.108266
0.108091
0.108078
0.108065
0.108052
0.108360
0.108347
0.108173
0.108000
0.108147
0.108134
0.108121
0.107949
0.107778
0.107924
0.108070
0.107899
0.108360
0.108346
0.108333
0.108320
0.108307
0.108138
0.108125
0.108580
0.108723
0.108865
0.109006
0.108837
0.108824
0.108655
0.108488
0.108320
0.108308
0.108295
0.108436
0.108423
0.108257
0.108092
0.108232
0.108219
0.108055
0.108346
0.108333
0.108169
0.108308
0.108296
0.108133
0.108120
0.108258
0.108096
0.107934
0.107773
0.107761
0.107601
0.107738
0.107727
0.107864
0.108000
0.107840
0.107829
0.107817
0.108395
0.108382
0.108370
0.108358
0.108346
0.108333
0.108467
0.108601
0.108443
0.108285
0.108418
0.108406
0.108394
0.108526
0.108658
0.109078
0.109065
0.109052
0.109039
0.109456
0.109442
0.109286
0.109130
0.109259
0.109246
0.109091
0.109362
0.109348
0.109194
0.109181
0.109168
0.109014
0.108861
0.108848
0.108836
0.108964
0.109231
0.109358
0.109205
0.109192
0.109040
0.109167
0.109293
0.109141
0.108990
0.109116
0.108966
0.109091
0.109216
0.109203
0.109191
0.109178
0.109166
0.109563
0.109413
0.109264
0.109524
0.109375
0.109498
0.109621
0.109743
0.109730
0.109852
0.109704
0.109690
0.109543
0.109396
0.109383
0.109371
0.109626
0.109613
0.109600
0.109854
0.109973
0.109827
0.109814
0.109669
0.109656
0.109511
0.109499
0.109618
0.109605
0.109461
0.109318
0.109305
0.109293
0.109412
0.109399
0.109387
0.109245
0.109233
0.109221
0.109339
0.109197
0.109185
0.109173
0.109032
0.109021
0.109138
0.109255
0.109243
0.109359
0.109219
0.109335
0.109323
0.109184
0.109172
0.109288
0.109276
0.109137
0.108999
0.109114
0.109355
0.109470
0.109458
0.109320
0.109560
0.109673
0.109661
0.109649
0.109762
0.109750
0.109613
0.109476
0.109465
0.109328
0.109441
0.109429
0.109294
0.109406
0.109394
0.109383
0.109494
0.109360
0.109348
0.109337
0.109202
0.109314
0.109302
0.109169
0.109280
0.109146
0.109013
0.108881
0.108748
0.108738
0.108970
0.108959
0.109069
0.109058
0.109047
0.109036
0.109146
0.109135
0.109244
0.109353
0.109341
0.109330
0.109558
0.109666
0.109654
0.109524
0.109750
0.109739
0.109609
0.109834
0.109704
0.109693
0.109681
0.109552
0.109423
0.109412
0.109283
0.109155
0.109144
0.109133
0.109006
0.108879
0.108868
0.108974
0.108964
0.108837
0.108827
0.108817
0.108691
0.108565
0.108439
0.108314
0.108189
0.108065
0.107940
0.108046
0.108037
0.108028
0.108018
0.107895
0.107771
0.107877
0.107868
0.107745
0.107736
0.107955
0.107946
0.108050
0.107928
0.107919
0.107910
0.108014
0.108117
0.108221
0.108211
0.108427
0.108305
0.108296
0.108175
0.108166
0.108156
0.108147
0.108250
0.108241
0.108231
0.108222
0.108435
0.108426
0.108638
0.108518
0.108398
0.108389
0.108269
0.108150
0.108361
0.108571
0.108452
0.108333
0.108653
0.108534
0.108415
0.108297
0.108179
0.108279
0.108161
0.108152
0.108143
0.108134
0.108126
0.108117
0.108108
0.108099
0.107983
0.107866
0.108073
0.107957
0.107948
0.107940
0.107931
0.107923
0.108021
0.108226
0.108538
0.108422
0.108307
0.108298
0.108183
0.108068
0.107953
0.107945
0.107937
0.107822
0.107709
0.107595
0.107798
0.107789
0.107781
0.107668
0.107765
0.107757
0.107749
0.107741
0.107628
0.107620
0.107612
0.107500
0.107596
0.107588
0.107477
0.107780
0.107876
0.107764
0.107756
0.107748
0.107843
0.107732
0.107621
0.107613
0.107605
0.107598
0.107487
0.107377
0.107369
0.107260
0.107354
0.107245
0.107339
0.107230
0.107426
0.107317
0.107310
0.107201
0.107396
0.107287
0.107280
0.107374
0.107568
0.107460
0.107553
0.107545
0.107538
0.107631
0.107823
0.107916
0.108008
0.107900
0.096000
nan
0.100000
0.100000
0.100000
0.100000
0.080000
0.083333
0.100000
0.100000
0.088889
0.090000
0.090909
0.083333
0.092308
0.085714
0.086667
0.087500
0.100000
0.094444
0.100000
0.105000
0.109524
0.113636
0.108696
0.104167
0.104000
0.111538
0.111111
0.107143
0.106897
0.106667
0.103226
0.103125
0.103030
0.100000
0.097143
0.100000
0.097297
0.100000
0.102564
0.102500
0.104878
0.107143
0.104651
0.104545
0.102222
0.102174
0.102128
0.102083
0.100000
0.098000
0.096078
0.094231
0.092453
0.092593
0.092727
0.094643
0.096491
0.096552
0.096610
0.098333
0.098361
0.100000
0.098413
0.098438
0.096923
0.096970
0.095522
0.094118
0.095652
0.094286
0.095775
0.095833
0.097260
0.098649
0.097333
0.100000
0.100000
0.101282
0.100000
0.101250
0.101235
0.100000
0.100000
0.098810
0.098824
0.098837
0.101149
0.100000
0.101124
0.101111
0.101099
0.101087
0.100000
0.098936
0.098947
0.098958
0.098969
0.097959
0.096970
0.096000
0.096040
0.096078
0.095146
0.094231
0.094286
0.094340
0.096262
0.096296
0.096330
0.096364
0.095495
0.095536
0.095575
0.095614
0.094783
0.093966
0.093162
0.093220
0.093277
0.093333
0.093388
0.093443
0.094309
0.095161
0.094400
0.094444
0.094488
0.094531
0.095349
0.095385
0.094656
0.095455
0.096241
0.095522
0.095556
0.095588
0.095620
0.095652
0.094964
0.094286
0.093617
0.093662
0.093007
0.093056
0.093103
0.092466
0.093197
0.093919
0.094631
0.094667
0.095364
0.095395
0.095425
0.095455
0.095484
0.095513
0.095541
0.094937
0.094969
0.094375
0.096273
0.096914
0.097546
0.098780
0.100000
0.100000
0.099401
0.099405
0.098817
0.100000
0.099415
0.098837
0.100000
0.100575
0.101143
0.101136
0.100565
0.100562
0.100000
0.100000
0.100000
0.100000
0.100546
0.100000
0.099459
0.098925
0.098930
0.099468
0.100000
0.099474
0.100000
0.099479
0.099482
0.099485
0.098974
0.098980
0.099492
0.100000
0.100000
0.100500
0.100498
0.100495
0.100493
0.100490
0.101463
0.100971
0.100966
0.100962
0.101914
0.102857
0.102370
0.101887
0.101878
0.101402
0.101860
0.101852
0.101382
0.100917
0.100457
0.100000
0.100000
0.100000
0.099552
0.099107
0.100000
0.100000
0.099559
0.100877
0.101310
0.101739
0.102164
0.101724
0.101717
0.101709
0.101277
0.100847
0.100844
0.100420
0.100837
0.101250
0.100830
0.101653
0.102058
0.102049
0.102041
0.101626
0.101215
0.100806
0.101205
0.100800
0.101195
0.101190
0.101186
0.100787
0.101961
0.103125
0.103113
0.103101
0.103861
0.103462
0.103448
0.103435
0.104183
0.104545
0.104151
0.103759
0.103371
0.102985
0.103717
0.103333
0.103321
0.103309
0.102930
0.102555
0.102182
0.102899
0.103249
0.102878
0.102867
0.102857
0.103203
0.103901
0.104240
0.104225
0.104561
0.104895
0.105226
0.105556
0.105536
0.105862
0.105498
0.105822
0.105802
0.105442
0.105763
0.105743
0.105387
0.106376
0.106355
0.106667
0.106645
0.106291
0.106271
0.105921
0.105902
0.106209
0.106189
0.106169
0.106149
0.106774
0.106431
0.106090
0.106070
0.106051
0.106349
0.106646
0.106625
0.106289
0.106270
0.106563
0.106231
0.105901
0.106502
0.106481
0.106769
0.106748
0.106422
0.106402
0.106383
0.106970
0.106647
0.106325
0.106907
0.106587
0.106567
0.106250
0.106231
0.106213
0.105900
0.106176
0.106452
0.106433
0.106122
0.106395
0.106957
0.107225
0.106916
0.106897
0.107163
0.107143
0.107123
0.107102
0.107082
0.106780
0.106761
0.106461
0.106162
0.106425
0.106128
0.106389
0.106094
0.106354
0.106612
0.106593
0.106575
0.106831
0.106812
0.106522
0.106504
0.106486
0.106199
0.106452
0.106971
0.106952
0.106933
0.106649
0.107162
0.106878
0.106860
0.107105
0.107612
0.108115
0.108094
0.108333
0.108312
0.108808
0.108786
0.108505
0.108226
0.107949
0.107673
0.108673
0.108651
0.108629
0.108354
0.108081
0.108564
0.108543
0.108521
0.108750
0.108728
0.109204
0.109181
0.110149
0.109877
0.110345
0.110811
0.111029
0.111491
0.111463
0.111436
0.111165
0.110896
0.110870
0.111084
0.111058
0.111271
0.111244
0.111217
0.110952
0.111164
0.111374
0.111584
0.111557
0.111529
0.111972
0.112412
0.112383
0.112354
0.112093
0.111833
0.111806
0.112471
0.112212
0.112184
0.112156
0.112357
0.112100
0.112073
0.112273
0.112245
0.112217
0.112190
0.112387
0.112360
0.112108
0.111857
0.111830
0.111804
0.111556
0.111973
0.112168
0.112362
0.112555
0.112527
0.112500
0.112254
0.112445
0.112418
0.112609
0.112798
0.112771
0.112527
0.112284
0.112043
0.112232
0.112206
0.111966
0.111940
0.111702
0.111677
0.112076
0.112051
0.111814
0.111579
0.111765
0.111530
0.111925
0.111691
0.111458
0.111850
0.112241
0.112008
0.111983
0.111959
0.111728
0.111910
0.111680
0.111656
0.111633
0.111405
0.111179
0.111562
0.111741
0.111515
0.111290
0.111268
0.111245
0.111022
0.110800
0.110579
0.110558
0.110537
0.110317
0.110297
0.110079
0.110059
0.110039
0.109823
0.109804
0.109785
0.109570
0.109357
0.109728
0.109903
0.109690
0.109671
0.109653
0.109634
0.109423
0.109405
0.109195
0.109178
0.109160
0.108952
0.109125
0.109108
0.108902
0.108696
0.108868
0.108851
0.108835
0.108630
0.108614
0.108411
0.108769
0.108566
0.108736
0.108905
0.108704
0.108688
0.108856
0.108656
0.108456
0.108440
0.108608
0.108958
0.108942
0.108743
0.108727
0.108530
0.108333
0.108137
0.107942
0.107928
0.107734
0.107540
0.107527
0.107513
0.107321
0.107487
0.107473
0.107282
0.107270
0.107434
0.107420
0.107584
0.107570
0.107381
0.107193
0.107005
0.106818
0.106632
0.106446
0.106261
0.106250
0.106586
0.106574
0.106390
0.106552
0.106540
0.106529
0.106346
0.106678
0.106667
0.106485
0.106474
0.106293
0.106282
0.106441
0.106430
0.106419
0.106745
0.106734
0.107059
0.106879
0.106700
0.106689
0.106678
0.106667
0.106489
0.107143
0.107297
0.107450
0.107603
0.107426
0.107743
0.107730
0.107882
0.108033
0.108020
0.108007
0.107993
0.108306
0.108455
0.108279
0.108266
0.108091
0.108078
0.108065
0.108052
0.108360
0.108347
0.108173
0.108000
0.108147
0.108134
0.108121
0.107949
0.107778
0.107924
0.108070
0.107899
0.108360
0.108346
0.108333
0.108320
0.108307
0.108138
0.108125
0.108580
0.108723
0.108865
0.109006
0.108837
0.108824
0.108655
0.108488
0.108320
0.108308
0.108295
0.108436
0.108423
0.108257
0.108092
0.108232
0.108219
0.108055
0.108346
0.108333
0.108169
0.108308
0.108296
0.108133
0.108120
0.108258
0.108096
0.107934
0.107773
0.107761
0.107601
0.107738
0.107727
0.107864
0.108000
0.107840
0.107829
0.107817
0.108395
0.108382
0.108370
0.108358
0.108346
0.108333
0.108467
0.108601
0.108443
0.108285
0.108418
0.108406
0.108394
0.108526
0.108658
0.109078
0.109065
0.109052
0.109039
0.109456
0.109442
0.109286
0.109130
0.109259
0.109246
0.109091
0.109362
0.109348
0.109194
0.109181
0.109168
0.109014
0.108861
0.108848
0.108836
0.108964
0.109231
0.109358
0.109205
0.109192
0.109040
0.109167
0.109293
0.109141
0.108990
0.109116
0.108966
0.109091
0.109216
0.109203
0.109191
0.109178
0.109166
0.109563
0.109413
0.109264
0.109524
0.109375
0.109498
0.109621
0.109743
0.109730
0.109852
0.109704
0.109690
0.109543
0.109396
0.109383
0.109371
0.109626
0.109613
0.109600
0.109854
0.109973
0.109827
0.109814
0.109669
0.109656
0.109511
0.109499
0.109618
0.109605
0.109461
0.109318
0.109305
0.109293
0.109412
0.109399
0.109387
0.109245
0.109233
0.109221
0.109339
0.109197
0.109185
0.109173
0.109032
0.109021
0.109138
0.109255
0.109243
0.109359
0.109219
0.109335
0.109323
0.109184
0.109172
0.109288
0.109276
0.109137
0.108999
0.109114
0.109355
0.109470
0.109458
0.109320
0.109560
0.109673
0.109661
0.109649
0.109762
0.109750
0.109613
0.109476
0.109465
0.109328
0.109441
0.109429
0.109294
0.109406
0.109394
0.109383
0.109494
0.109360
0.109348
0.109337
0.109202
0.109314
0.109302
0.109169
0.109280
0.109146
0.109013
0.108881
0.108748
0.108738
0.108970
0.108959
0.109069
0.109058
0.109047
0.109036
0.109146
0.109135
0.109244
0.109353
0.109341
0.109330
0.109558
0.109666
0.109654
0.109524
0.109750
0.109739
0.109609
0.109834
0.109704
0.109693
0.109681
0.109552
0.109423
0.109412
0.109283
0.109155
0.109144
0.109133
0.109006
0.108879
0.108868
0.108974
0.108964
0.108837
0.108827
0.108817
0.108691
0.108565
0.108439
0.108314
0.108189
0.108065
0.107940
0.108046
0.108037
0.108028
0.108018
0.107895
0.107771
0.107877
0.107868
0.107745
0.107736
0.107955
0.107946
0.108050
0.107928
0.107919
0.107910
0.108014
0.108117
0.108221
0.108211
0.108427
0.108305
0.108296
0.108175
0.108166
0.108156
0.108147
0.108250
0.108241
0.108231
0.108222
0.108435
0.108426
0.108638
0.108518
0.108398
0.108389
0.108269
0.108150
0.108361
0.108571
0.108452
0.108333
0.108653
0.108534
0.108415
0.108297
0.108179
0.108279
0.108161
0.108152
0.108143
0.108134
0.108126
0.108117
0.108108
0.108099
0.107983
0.107866
0.108073
0.107957
0.107948
0.107940
0.107931
0.107923
0.108021
0.108226
0.108538
0.108422
0.108307
0.108298
0.108183
0.108068
0.107953
0.107945
0.107937
0.107822
0.107709
0.107595
0.107798
0.107789
0.107781
0.107668
0.107765
0.107757
0.107749
0.107741
0.107628
0.107620
0.107612
0.107500
0.107596
0.107588
0.107477
0.107780
0.107876
0.107764
0.107756
0.107748
0.107843
0.107732
0.107621
0.107613
0.107605
0.107598
0.107487
0.107377
0.107369
0.107260
0.107354
0.107245
0.107339
0.107230
0.107426
0.107317
0.107310
0.107201
0.107396
0.107287
0.107280
0.107374
0.107568
0.107460
0.107553
0.107545
0.107538
0.107631
0.107823
0.107916
