0.091000
0.050000
0.066667
0.050000
0.040000
0.033333
0.042857
0.037500
0.033333
0.030000
0.036364
0.050000
0.053846
0.057143
0.060000
0.062500
0.082353
0.077778
0.073684
0.070000
0.076190
0.072727
0.069565
0.075000
0.072000
0.073077
0.070370
0.075000
0.079310
0.083333
0.087097
0.090625
0.090909
0.088235
0.085714
0.091667
0.089189
0.092105
0.092308
0.092500
0.090244
0.092857
0.093023
0.095455
0.093333
0.095652
0.093617
0.091667
0.093878
0.094000
0.096078
0.094231
0.092453
0.094444
0.094545
0.096429
0.098246
0.100000
0.098305
0.096667
0.095082
0.093548
0.093651
0.095312
0.093846
0.093939
0.095522
0.094118
0.095652
0.095714
0.094366
0.094444
0.094521
0.095946
0.094667
0.094737
0.094805
0.093590
0.093671
0.095000
0.096296
0.096341
0.096386
0.095238
0.094118
0.094186
0.093103
0.093182
0.093258
0.092222
0.092308
0.092391
0.091398
0.090426
0.090526
0.091667
0.090722
0.091837
0.091919
0.091000
0.091089
0.090196
0.090291
0.089423
0.089524
0.091509
0.093458
0.095370
0.096330
0.096364
0.096396
0.095536
0.094690
0.096491
0.095652
0.094828
0.094017
0.093220
0.092437
0.092500
0.092562
0.092623
0.094309
0.094355
0.094400
0.093651
0.093701
0.093750
0.093798
0.093846
0.093893
0.094697
0.096992
0.096269
0.095556
0.094853
0.094161
0.094928
0.094245
0.093571
0.094326
0.094366
0.095105
0.095833
0.095172
0.094521
0.094558
0.095270
0.096644
0.096000
0.095364
0.095395
0.094771
0.094805
0.095484
0.094872
0.096178
0.095570
0.094969
0.095625
0.096273
0.095679
0.095092
0.095732
0.095152
0.095181
0.095210
0.095238
0.095266
0.095882
0.095906
0.095349
0.095376
0.095402
0.095429
0.096023
0.096045
0.096067
0.096648
0.096111
0.096133
0.096154
0.095628
0.095109
0.094595
0.094624
0.095187
0.095745
0.095767
0.095263
0.095812
0.095312
0.095337
0.094845
0.094872
0.094898
0.095431
0.094949
0.094472
0.094500
0.094527
0.094554
0.094581
0.094608
0.094146
0.093689
0.093237
0.093269
0.093301
0.092857
0.092891
0.093396
0.093427
0.092991
0.093023
0.093981
0.093548
0.093119
0.092694
0.092727
0.092308
0.091892
0.091480
0.091518
0.092000
0.092478
0.092070
0.092982
0.094323
0.093913
0.093506
0.093103
0.093562
0.093590
0.093191
0.093644
0.093249
0.092857
0.093305
0.094167
0.094191
0.094215
0.094650
0.094262
0.094694
0.094309
0.094332
0.093952
0.094378
0.094000
0.094024
0.094048
0.093676
0.093307
0.093725
0.094141
0.094163
0.094186
0.094208
0.094231
0.094253
0.094656
0.095057
0.095076
0.094717
0.094737
0.094382
0.094030
0.094796
0.094444
0.094096
0.094118
0.093773
0.094161
0.093818
0.093841
0.093863
0.093885
0.093907
0.093929
0.093594
0.094681
0.094700
0.095070
0.095439
0.095804
0.096167
0.095833
0.095848
0.095862
0.095876
0.095890
0.095904
0.095578
0.095593
0.095946
0.095960
0.095973
0.095652
0.095667
0.095349
0.095033
0.095050
0.094737
0.094426
0.094444
0.094463
0.094481
0.094175
0.093871
0.093891
0.094231
0.093930
0.093949
0.093968
0.093987
0.094006
0.093711
0.093730
0.093750
0.093458
0.093478
0.093498
0.093827
0.093538
0.093558
0.093578
0.093293
0.093009
0.093030
0.092749
0.093072
0.092793
0.092515
0.092537
0.092262
0.091988
0.092012
0.092035
0.091765
0.091789
0.091520
0.091254
0.091279
0.091304
0.091619
0.091931
0.091954
0.091691
0.091714
0.091453
0.091193
0.090935
0.090678
0.090704
0.090730
0.090476
0.090503
0.090251
0.090278
0.090028
0.090331
0.090083
0.090385
0.090411
0.090437
0.090736
0.090761
0.090786
0.090541
0.090836
0.091398
0.091957
0.091711
0.092000
0.091755
0.092573
0.092857
0.092876
0.093421
0.093438
0.093979
0.094256
0.094271
0.094026
0.094560
0.094315
0.094072
0.093830
0.093590
0.093606
0.094388
0.094656
0.094416
0.094684
0.094444
0.095214
0.095226
0.095489
0.095500
0.095511
0.095522
0.095533
0.095297
0.095309
0.095567
0.096069
0.096324
0.096577
0.096341
0.096107
0.095874
0.095884
0.096135
0.096145
0.095913
0.096403
0.096411
0.096420
0.096190
0.096200
0.096209
0.096690
0.096462
0.096471
0.096948
0.097190
0.096963
0.096737
0.096744
0.096520
0.096296
0.096305
0.096313
0.096782
0.096560
0.096568
0.096575
0.096583
0.096364
0.096372
0.096380
0.096614
0.096396
0.096404
0.096413
0.096197
0.095982
0.095768
0.096000
0.095787
0.095796
0.095585
0.095815
0.096703
0.096491
0.096280
0.096070
0.096078
0.096087
0.096095
0.096104
0.096544
0.096336
0.096344
0.096137
0.096146
0.096154
0.095949
0.095957
0.095754
0.095975
0.095772
0.095570
0.095789
0.095798
0.095597
0.095397
0.095407
0.095208
0.095010
0.095228
0.095031
0.095041
0.095052
0.094856
0.095072
0.095287
0.095297
0.095102
0.095112
0.095325
0.095740
0.095547
0.095556
0.095363
0.095573
0.095582
0.095792
0.096000
0.096008
0.096016
0.096223
0.096032
0.096040
0.095850
0.096055
0.096063
0.096464
0.096471
0.096477
0.096289
0.096296
0.096693
0.096699
0.096705
0.096518
0.096332
0.096339
0.096154
0.095969
0.095785
0.095794
0.095802
0.095619
0.095817
0.095825
0.095833
0.095841
0.096038
0.095857
0.095677
0.095685
0.096067
0.096075
0.096269
0.096276
0.096283
0.096104
0.096111
0.095933
0.096125
0.095948
0.095956
0.096330
0.096154
0.096344
0.096350
0.096357
0.096909
0.096733
0.096739
0.096564
0.096390
0.096216
0.096223
0.096050
0.095878
0.095707
0.095714
0.096078
0.096085
0.096092
0.096277
0.096283
0.096290
0.096473
0.096303
0.096134
0.095965
0.095972
0.096329
0.096335
0.096167
0.096174
0.096007
0.096014
0.096021
0.096028
0.096034
0.096041
0.095876
0.095883
0.095890
0.095726
0.095734
0.096082
0.095918
0.095756
0.096102
0.096277
0.096115
0.096121
0.095960
0.095966
0.095805
0.096147
0.096154
0.095993
0.095833
0.095674
0.095681
0.095522
0.095861
0.095868
0.095875
0.095881
0.096053
0.096059
0.096066
0.096236
0.096242
0.096248
0.096254
0.096098
0.096104
0.095948
0.095955
0.095800
0.095645
0.095491
0.095981
0.096148
0.096154
0.096160
0.096166
0.096172
0.096019
0.095866
0.095714
0.095880
0.095728
0.095893
0.095899
0.096063
0.095912
0.095761
0.095611
0.095462
0.095469
0.095320
0.095483
0.095801
0.095652
0.095504
0.095356
0.095518
0.095525
0.095378
0.095385
0.095545
0.095552
0.095406
0.095413
0.095267
0.095122
0.094977
0.094833
0.094689
0.094848
0.094705
0.094713
0.094721
0.094880
0.094887
0.094895
0.094753
0.094611
0.094768
0.094627
0.094486
0.094494
0.094651
0.094659
0.094667
0.094527
0.094387
0.094248
0.094256
0.094412
0.094273
0.094282
0.094290
0.094444
0.094745
0.094606
0.094469
0.094331
0.094194
0.094058
0.094067
0.094075
0.094228
0.094524
0.094532
0.094684
0.094692
0.094842
0.094993
0.095000
0.094864
0.094729
0.094595
0.094460
0.094610
0.094618
0.094484
0.094492
0.094499
0.094366
0.094233
0.094101
0.094109
0.094258
0.094545
0.094693
0.094700
0.094568
0.094437
0.094444
0.094452
0.094598
0.094606
0.094751
0.094759
0.094766
0.094773
0.094643
0.094650
0.094521
0.094391
0.094399
0.094270
0.094142
0.094422
0.094293
0.094301
0.094309
0.094181
0.094054
0.093927
0.093935
0.094078
0.094086
0.094094
0.093968
0.093842
0.093984
0.093992
0.094267
0.094141
0.094282
0.094290
0.094164
0.094040
0.093915
0.093791
0.093799
0.093676
0.093684
0.093824
0.093701
0.093709
0.093717
0.093856
0.093864
0.093872
0.093880
0.093888
0.093766
0.094034
0.094041
0.094049
0.094444
0.094323
0.094201
0.094337
0.094216
0.094223
0.094231
0.094238
0.094246
0.094253
0.094260
0.094268
0.094275
0.094282
0.094289
0.094170
0.094051
0.094311
0.094444
0.094451
0.094458
0.094591
0.094598
0.094605
0.094612
0.094618
0.094500
0.094507
0.094638
0.094521
0.094403
0.094534
0.094541
0.094548
0.094554
0.094561
0.094815
0.094945
0.094951
0.095203
0.095332
0.095215
0.095221
0.095349
0.095232
0.095360
0.095366
0.095250
0.095377
0.095383
0.095388
0.095636
0.095642
0.095526
0.095652
0.095537
0.095422
0.095548
0.095673
0.095678
0.095803
0.095689
0.095574
0.095938
0.095943
0.095948
0.096071
0.096076
0.095962
0.095967
0.096209
0.096095
0.095981
0.095868
0.095755
0.095642
0.095529
0.095535
0.095540
0.095545
0.095433
0.095322
0.095210
0.095099
0.095105
0.095111
0.095000
0.095006
0.094896
0.094786
0.094676
0.094682
0.094688
0.094579
0.094585
0.094476
0.094483
0.094374
0.094381
0.094616
0.094622
0.094514
0.094521
0.094413
0.094305
0.094312
0.094545
0.094665
0.094785
0.094677
0.094570
0.094689
0.094808
0.094814
0.094707
0.094713
0.094944
0.094837
0.094955
0.094849
0.094966
0.094860
0.094866
0.095206
0.095323
0.095328
0.095222
0.095339
0.095344
0.095460
0.095465
0.095470
0.095585
0.095590
0.095705
0.095930
0.095934
0.095829
0.095943
0.095947
0.095952
0.095956
0.095852
0.095965
0.096078
0.095974
0.095870
0.095983
0.095987
0.095991
0.096104
0.096108
0.096112
0.096117
0.096013
0.096233
0.096129
0.096026
0.096137
0.096249
0.096146
0.096043
0.095940
0.096051
0.096055
0.095953
0.095851
0.095749
0.095754
0.095652
0.095657
0.095661
0.095560
0.095671
0.095570
0.095785
0.095789
0.095794
0.095798
0.095803
0.095807
0.095707
0.095607
0.095507
0.095616
0.095620
0.095521
0.095421
0.095530
0.095431
0.095436
0.095440
0.095342
0.095346
0.095351
0.095459
0.095464
0.095366
0.095267
0.095170
0.095175
0.095077
0.094980
0.094882
0.094785
0.094791
0.094796
0.094801
0.094908
0.094914
0.094919
0.094924
0.094828
0.094732
0.094737
0.094641
0.094747
0.094753
0.094657
0.094763
0.094668
0.094573
0.094478
0.094383
0.094289
0.094294
0.094200
0.091000
0.050000
0.066667
0.050000
0.040000
0.033333
0.042857
0.037500
0.033333
0.030000
0.036364
0.050000
0.053846
0.057143
0.060000
0.062500
0.082353
0.077778
0.073684
0.070000
0.076190
0.072727
0.069565
0.075000
0.072000
0.073077
0.070370
0.075000
0.079310
0.083333
0.087097
0.090625
0.090909
0.088235
0.085714
0.091667
0.089189
0.092105
0.092308
0.092500
0.090244
0.092857
0.093023
0.095455
0.093333
0.095652
0.093617
0.091667
0.093878
0.094000
0.096078
0.094231
0.092453
0.094444
0.094545
0.096429
0.098246
0.100000
0.098305
0.096667
0.095082
0.093548
0.093651
0.095312
0.093846
0.093939
0.095522
0.094118
0.095652
0.095714
0.094366
0.094444
0.094521
0.095946
0.094667
0.094737
0.094805
0.093590
0.093671
0.095000
0.096296
0.096341
0.096386
0.095238
0.094118
0.094186
0.093103
0.093182
0.093258
0.092222
0.092308
0.092391
0.091398
0.090426
0.090526
0.091667
0.090722
0.091837
0.091919
0.091000
0.091089
0.090196
0.090291
0.089423
0.089524
0.091509
0.093458
0.095370
0.096330
0.096364
0.096396
0.095536
0.094690
0.096491
0.095652
0.094828
0.094017
0.093220
0.092437
0.092500
0.092562
0.092623
0.094309
0.094355
0.094400
0.093651
0.093701
0.093750
0.093798
0.093846
0.093893
0.094697
0.096992
0.096269
0.095556
0.094853
0.094161
0.094928
0.094245
0.093571
0.094326
0.094366
0.095105
0.095833
0.095172
0.094521
0.094558
0.095270
0.096644
0.096000
0.095364
0.095395
0.094771
0.094805
0.095484
0.094872
0.096178
0.095570
0.094969
0.095625
0.096273
0.095679
0.095092
0.095732
0.095152
0.095181
0.095210
0.095238
0.095266
0.095882
0.095906
0.095349
0.095376
0.095402
0.095429
0.096023
0.096045
0.096067
0.096648
0.096111
0.096133
0.096154
0.095628
0.095109
0.094595
0.094624
0.095187
0.095745
0.095767
0.095263
0.095812
0.095312
0.095337
0.094845
0.094872
0.094898
0.095431
0.094949
0.094472
0.094500
0.094527
0.094554
0.094581
0.094608
0.094146
0.093689
0.093237
0.093269
0.093301
0.092857
0.092891
0.093396
0.093427
0.092991
0.093023
0.093981
0.093548
0.093119
0.092694
0.092727
0.092308
0.091892
0.091480
0.091518
0.092000
0.092478
0.092070
0.092982
0.094323
0.093913
0.093506
0.093103
0.093562
0.093590
0.093191
0.093644
0.093249
0.092857
0.093305
0.094167
0.094191
0.094215
0.094650
0.094262
0.094694
0.094309
0.094332
0.093952
0.094378
0.094000
0.094024
0.094048
0.093676
0.093307
0.093725
0.094141
0.094163
0.094186
0.094208
0.094231
0.094253
0.094656
0.095057
0.095076
0.094717
0.094737
0.094382
0.094030
0.094796
0.094444
0.094096
0.094118
0.093773
0.094161
0.093818
0.093841
0.093863
0.093885
0.093907
0.093929
0.093594
0.094681
0.094700
0.095070
0.095439
0.095804
0.096167
0.095833
0.095848
0.095862
0.095876
0.095890
0.095904
0.095578
0.095593
0.095946
0.095960
0.095973
0.095652
0.095667
0.095349
0.095033
0.095050
0.094737
0.094426
0.094444
0.094463
0.094481
0.094175
0.093871
0.093891
0.094231
0.093930
0.093949
0.093968
0.093987
0.094006
0.093711
0.093730
0.093750
0.093458
0.093478
0.093498
0.093827
0.093538
0.093558
0.093578
0.093293
0.093009
0.093030
0.092749
0.093072
0.092793
0.092515
0.092537
0.092262
0.091988
0.092012
0.092035
0.091765
0.091789
0.091520
0.091254
0.091279
0.091304
0.091619
0.091931
0.091954
0.091691
0.091714
0.091453
0.091193
0.090935
0.090678
0.090704
0.090730
0.090476
0.090503
0.090251
0.090278
0.090028
0.090331
0.090083
0.090385
0.090411
0.090437
0.090736
0.090761
0.090786
0.090541
0.090836
0.091398
0.091957
0.091711
0.092000
0.091755
0.092573
0.092857
0.092876
0.093421
0.093438
0.093979
0.094256
0.094271
0.094026
0.094560
0.094315
0.094072
0.093830
0.093590
0.093606
0.094388
0.094656
0.094416
0.094684
0.094444
0.095214
0.095226
0.095489
0.095500
0.095511
0.095522
0.095533
0.095297
0.095309
0.095567
0.096069
0.096324
0.096577
0.096341
0.096107
0.095874
0.095884
0.096135
0.096145
0.095913
0.096403
0.096411
0.096420
0.096190
0.096200
0.096209
0.096690
0.096462
0.096471
0.096948
0.097190
0.096963
0.096737
0.096744
0.096520
0.096296
0.096305
0.096313
0.096782
0.096560
0.096568
0.096575
0.096583
0.096364
0.096372
0.096380
0.096614
0.096396
0.096404
0.096413
0.096197
0.095982
0.095768
0.096000
0.095787
0.095796
0.095585
0.095815
0.096703
0.096491
0.096280
0.096070
0.096078
0.096087
0.096095
0.096104
0.096544
0.096336
0.096344
0.096137
0.096146
0.096154
0.095949
0.095957
0.095754
0.095975
0.095772
0.095570
0.095789
0.095798
0.095597
0.095397
0.095407
0.095208
0.095010
0.095228
0.095031
0.095041
0.095052
0.094856
0.095072
0.095287
0.095297
0.095102
0.095112
0.095325
0.095740
0.095547
0.095556
0.095363
0.095573
0.095582
0.095792
0.096000
0.096008
0.096016
0.096223
0.096032
0.096040
0.095850
0.096055
0.096063
0.096464
0.096471
0.096477
0.096289
0.096296
0.096693
0.096699
0.096705
0.096518
0.096332
0.096339
0.096154
0.095969
0.095785
0.095794
0.095802
0.095619
0.095817
0.095825
0.095833
0.095841
0.096038
0.095857
0.095677
0.095685
0.096067
0.096075
0.096269
0.096276
0.096283
0.096104
0.096111
0.095933
0.096125
0.095948
0.095956
0.096330
0.096154
0.096344
0.096350
0.096357
0.096909
0.096733
0.096739
0.096564
0.096390
0.096216
0.096223
0.096050
0.095878
0.095707
0.095714
0.096078
0.096085
0.096092
0.096277
0.096283
0.096290
0.096473
0.096303
0.096134
0.095965
0.095972
0.096329
0.096335
0.096167
0.096174
0.096007
0.096014
0.096021
0.096028
0.096034
0.096041
0.095876
0.095883
0.095890
0.095726
0.095734
0.096082
0.095918
0.095756
0.096102
0.096277
0.096115
0.096121
0.095960
0.095966
0.095805
0.096147
0.096154
0.095993
0.095833
0.095674
0.095681
0.095522
0.095861
0.095868
0.095875
0.095881
0.096053
0.096059
0.096066
0.096236
0.096242
0.096248
0.096254
0.096098
0.096104
0.095948
0.095955
0.095800
0.095645
0.095491
0.095981
0.096148
0.096154
0.096160
0.096166
0.096172
0.096019
0.095866
0.095714
0.095880
0.095728
0.095893
0.095899
0.096063
0.095912
0.095761
0.095611
0.095462
0.095469
0.095320
0.095483
0.095801
0.095652
0.095504
0.095356
0.095518
0.095525
0.095378
0.095385
0.095545
0.095552
0.095406
0.095413
0.095267
0.095122
0.094977
0.094833
0.094689
0.094848
0.094705
0.094713
0.094721
0.094880
0.094887
0.094895
0.094753
0.094611
0.094768
0.094627
0.094486
0.094494
0.094651
0.094659
0.094667
0.094527
0.094387
0.094248
0.094256
0.094412
0.094273
0.094282
0.094290
0.094444
0.094745
0.094606
0.094469
0.094331
0.094194
0.094058
0.094067
0.094075
0.094228
0.094524
0.094532
0.094684
0.094692
0.094842
0.094993
0.095000
0.094864
0.094729
0.094595
0.094460
0.094610
0.094618
0.094484
0.094492
0.094499
0.094366
0.094233
0.094101
0.094109
0.094258
0.094545
0.094693
0.094700
0.094568
0.094437
0.094444
0.094452
0.094598
0.094606
0.094751
0.094759
0.094766
0.094773
0.094643
0.094650
0.094521
0.094391
0.094399
0.094270
0.094142
0.094422
0.094293
0.094301
0.094309
0.094181
0.094054
0.093927
0.093935
0.094078
0.094086
0.094094
0.093968
0.093842
0.093984
0.093992
0.094267
0.094141
0.094282
0.094290
0.094164
0.094040
0.093915
0.093791
0.093799
0.093676
0.093684
0.093824
0.093701
0.093709
0.093717
0.093856
0.093864
0.093872
0.093880
0.093888
0.093766
0.094034
0.094041
0.094049
0.094444
0.094323
0.094201
0.094337
0.094216
0.094223
0.094231
0.094238
0.094246
0.094253
0.094260
0.094268
0.094275
0.094282
0.094289
0.094170
0.094051
0.094311
0.094444
0.094451
0.094458
0.094591
0.094598
0.094605
0.094612
0.094618
0.094500
0.094507
0.094638
0.094521
0.094403
0.094534
0.094541
0.094548
0.094554
0.094561
0.094815
0.094945
0.094951
0.095203
0.095332
0.095215
0.095221
0.095349
0.095232
0.095360
0.095366
0.095250
0.095377
0.095383
0.095388
0.095636
0.095642
0.095526
0.095652
0.095537
0.095422
0.095548
0.095673
0.095678
0.095803
0.095689
0.095574
0.095938
0.095943
0.095948
0.096071
0.096076
0.095962
0.095967
0.096209
0.096095
0.095981
0.095868
0.095755
0.095642
0.095529
0.095535
0.095540
0.095545
0.095433
0.095322
0.095210
0.095099
0.095105
0.095111
0.095000
0.095006
0.094896
0.094786
0.094676
0.094682
0.094688
0.094579
0.094585
0.094476
0.094483
0.094374
0.094381
0.094616
0.094622
0.094514
0.094521
0.094413
0.094305
0.094312
0.094545
0.094665
0.094785
0.094677
0.094570
0.094689
0.094808
0.094814
0.094707
0.094713
0.094944
0.094837
0.094955
0.094849
0.094966
0.094860
0.094866
0.095206
0.095323
0.095328
0.095222
0.095339
0.095344
0.095460
0.095465
0.095470
0.095585
0.095590
0.095705
0.095930
0.095934
0.095829
0.095943
0.095947
0.095952
0.095956
0.095852
0.095965
0.096078
0.095974
0.095870
0.095983
0.095987
0.095991
0.096104
0.096108
0.096112
0.096117
0.096013
0.096233
0.096129
0.096026
0.096137
0.096249
0.096146
0.096043
0.095940
0.096051
0.096055
0.095953
0.095851
0.095749
0.095754
0.095652
0.095657
0.095661
0.095560
0.095671
0.095570
0.095785
0.095789
0.095794
0.095798
0.095803
0.095807
0.095707
0.095607
0.095507
0.095616
0.095620
0.095521
0.095421
0.095530
0.095431
0.095436
0.095440
0.095342
0.095346
0.095351
0.095459
0.095464
0.095366
0.095267
0.095170
0.095175
0.095077
0.094980
0.094882
0.094785
0.094791
0.094796
0.094801
0.094908
0.094914
0.094919
0.094924
0.094828
0.094732
0.094737
0.094641
0.094747
0.094753
0.094657
0.094763
0.094668
0.094573
0.094478
0.094383
0.094289
0.094294
0.094200
0.091000
0.050000
0.066667
0.050000
0.040000
0.033333
0.042857
0.037500
0.033333
0.030000
0.036364
0.050000
0.053846
0.057143
0.060000
0.062500
0.082353
0.077778
0.073684
0.070000
0.076190
0.072727
0.069565
0.075000
0.072000
0.073077
0.070370
0.075000
0.079310
0.083333
0.087097
0.090625
0.090909
0.088235
0.085714
0.091667
0.089189
0.092105
0.092308
0.092500
0.090244
0.092857
0.093023
0.095455
0.093333
0.095652
0.093617
0.091667
0.093878
0.094000
0.096078
0.094231
0.092453
0.094444
0.094545
0.096429
0.098246
0.100000
0.098305
0.096667
0.095082
0.093548
0.093651
0.095312
0.093846
0.093939
0.095522
0.094118
0.095652
0.095714
0.094366
0.094444
0.094521
0.095946
0.094667
0.094737
0.094805
0.093590
0.093671
0.095000
0.096296
0.096341
0.096386
0.095238
0.094118
0.094186
0.093103
0.093182
0.093258
0.092222
0.092308
0.092391
0.091398
0.090426
0.090526
0.091667
0.090722
0.091837
0.091919
0.091000
0.091089
0.090196
0.090291
0.089423
0.089524
0.091509
0.093458
0.095370
0.096330
0.096364
0.096396
0.095536
0.094690
0.096491
0.095652
0.094828
0.094017
0.093220
0.092437
0.092500
0.092562
0.092623
0.094309
0.094355
0.094400
0.093651
0.093701
0.093750
0.093798
0.093846
0.093893
0.094697
0.096992
0.096269
0.095556
0.094853
0.094161
0.094928
0.094245
0.093571
0.094326
0.094366
0.095105
0.095833
0.095172
0.094521
0.094558
0.095270
0.096644
0.096000
0.095364
0.095395
0.094771
0.094805
0.095484
0.094872
0.096178
0.095570
0.094969
0.095625
0.096273
0.095679
0.095092
0.095732
0.095152
0.095181
0.095210
0.095238
0.095266
0.095882
0.095906
0.095349
0.095376
0.095402
0.095429
0.096023
0.096045
0.096067
0.096648
0.096111
0.096133
0.096154
0.095628
0.095109
0.094595
0.094624
0.095187
0.095745
0.095767
0.095263
0.095812
0.095312
0.095337
0.094845
0.094872
0.094898
0.095431
0.094949
0.094472
0.094500
0.094527
0.094554
0.094581
0.094608
0.094146
0.093689
0.093237
0.093269
0.093301
0.092857
0.092891
0.093396
0.093427
0.092991
0.093023
0.093981
0.093548
0.093119
0.092694
0.092727
0.092308
0.091892
0.091480
0.091518
0.092000
0.092478
0.092070
0.092982
0.094323
0.093913
0.093506
0.093103
0.093562
0.093590
0.093191
0.093644
0.093249
0.092857
0.093305
0.094167
0.094191
0.094215
0.094650
0.094262
0.094694
0.094309
0.094332
0.093952
0.094378
0.094000
0.094024
0.094048
0.093676
0.093307
0.093725
0.094141
0.094163
0.094186
0.094208
0.094231
0.094253
0.094656
0.095057
0.095076
0.094717
0.094737
0.094382
0.094030
0.094796
0.094444
0.094096
0.094118
0.093773
0.094161
0.093818
0.093841
0.093863
0.093885
0.093907
0.093929
0.093594
0.094681
0.094700
0.095070
0.095439
0.095804
0.096167
0.095833
0.095848
0.095862
0.095876
0.095890
0.095904
0.095578
0.095593
0.095946
0.095960
0.095973
0.095652
0.095667
0.095349
0.095033
0.095050
0.094737
0.094426
0.094444
0.094463
0.094481
0.094175
0.093871
0.093891
0.094231
0.093930
0.093949
0.093968
0.093987
0.094006
0.093711
0.093730
0.093750
0.093458
0.093478
0.093498
0.093827
0.093538
0.093558
0.093578
0.093293
0.093009
0.093030
0.092749
0.093072
0.092793
0.092515
0.092537
0.092262
0.091988
0.092012
0.092035
0.091765
0.091789
0.091520
0.091254
0.091279
0.091304
0.091619
0.091931
0.091954
0.091691
0.091714
0.091453
0.091193
0.090935
0.090678
0.090704
0.090730
0.090476
0.090503
0.090251
0.090278
0.090028
0.090331
0.090083
0.090385
0.090411
0.090437
0.090736
0.090761
0.090786
0.090541
0.090836
0.091398
0.091957
0.091711
0.092000
0.091755
0.092573
0.092857
0.092876
0.093421
0.093438
0.093979
0.094256
0.094271
0.094026
0.094560
0.094315
0.094072
0.093830
0.093590
0.093606
0.094388
0.094656
0.094416
0.094684
0.094444
0.095214
0.095226
0.095489
0.095500
0.095511
0.095522
0.095533
0.095297
0.095309
0.095567
0.096069
0.096324
0.096577
0.096341
0.096107
0.095874
0.095884
0.096135
0.096145
0.095913
0.096403
0.096411
0.096420
0.096190
0.096200
0.096209
0.096690
0.096462
0.096471
0.096948
0.097190
0.096963
0.096737
0.096744
0.096520
0.096296
0.096305
0.096313
0.096782
0.096560
0.096568
0.096575
0.096583
0.096364
0.096372
0.096380
0.096614
0.096396
0.096404
0.096413
0.096197
0.095982
0.095768
0.096000
0.095787
0.095796
0.095585
0.095815
0.096703
0.096491
0.096280
0.096070
0.096078
0.096087
0.096095
0.096104
0.096544
0.096336
0.096344
0.096137
0.096146
0.096154
0.095949
0.095957
0.095754
0.095975
0.095772
0.095570
0.095789
0.095798
0.095597
0.095397
0.095407
0.095208
0.095010
0.095228
0.095031
0.095041
0.095052
0.094856
0.095072
0.095287
0.095297
0.095102
0.095112
0.095325
0.095740
0.095547
0.095556
0.095363
0.095573
0.095582
0.095792
0.096000
0.096008
0.096016
0.096223
0.096032
0.096040
0.095850
0.096055
0.096063
0.096464
0.096471
0.096477
0.096289
0.096296
0.096693
0.096699
0.096705
0.096518
0.096332
0.096339
0.096154
0.095969
0.095785
0.095794
0.095802
0.095619
0.095817
0.095825
0.095833
0.095841
0.096038
0.095857
0.095677
0.095685
0.096067
0.096075
0.096269
0.096276
0.096283
0.096104
0.096111
0.095933
0.096125
0.095948
0.095956
0.096330
0.096154
0.096344
0.096350
0.096357
0.096909
0.096733
0.096739
0.096564
0.096390
0.096216
0.096223
0.096050
0.095878
0.095707
0.095714
0.096078
0.096085
0.096092
0.096277
0.096283
0.096290
0.096473
0.096303
0.096134
0.095965
0.095972
0.096329
0.096335
0.096167
0.096174
0.096007
0.096014
0.096021
0.096028
0.096034
0.096041
0.095876
0.095883
0.095890
0.095726
0.095734
0.096082
0.095918
0.095756
0.096102
0.096277
0.096115
0.096121
0.095960
0.095966
0.095805
0.096147
0.096154
0.095993
0.095833
0.095674
0.095681
0.095522
0.095861
0.095868
0.095875
0.095881
0.096053
0.096059
0.096066
0.096236
0.096242
0.096248
0.096254
0.096098
0.096104
0.095948
0.095955
0.095800
0.095645
0.095491
0.095981
0.096148
0.096154
0.096160
0.096166
0.096172
0.096019
0.095866
0.095714
0.095880
0.095728
0.095893
0.095899
0.096063
0.095912
0.095761
0.095611
0.095462
0.095469
0.095320
0.095483
0.095801
0.095652
0.095504
0.095356
0.095518
0.095525
0.095378
0.095385
0.095545
0.095552
0.095406
0.095413
0.095267
0.095122
0.094977
0.094833
0.094689
0.094848
0.094705
0.094713
0.094721
0.094880
0.094887
0.094895
0.094753
0.094611
0.094768
0.094627
0.094486
0.094494
0.094651
0.094659
0.094667
0.094527
0.094387
0.094248
0.094256
0.094412
0.094273
0.094282
0.094290
0.094444
0.094745
0.094606
0.094469
0.094331
0.094194
0.094058
0.094067
0.094075
0.094228
0.094524
0.094532
0.094684
0.094692
0.094842
0.094993
0.095000
0.094864
0.094729
0.094595
0.094460
0.094610
0.094618
0.094484
0.094492
0.094499
0.094366
0.094233
0.094101
0.094109
0.094258
0.094545
0.094693
0.094700
0.094568
0.094437
0.094444
0.094452
0.094598
0.094606
0.094751
0.094759
0.094766
0.094773
0.094643
0.094650
0.094521
0.094391
0.094399
0.094270
0.094142
0.094422
0.094293
0.094301
0.094309
0.094181
0.094054
0.093927
0.093935
0.094078
0.094086
0.094094
0.093968
0.093842
0.093984
0.093992
0.094267
0.094141
0.094282
0.094290
0.094164
0.094040
0.093915
0.093791
0.093799
0.093676
0.093684
0.093824
0.093701
0.093709
0.093717
0.093856
0.093864
0.093872
0.093880
0.093888
0.093766
0.094034
0.094041
0.094049
0.094444
0.094323
0.094201
0.094337
0.094216
0.094223
0.094231
0.094238
0.094246
0.094253
0.094260
0.094268
0.094275
0.094282
0.094289
0.094170
0.094051
0.094311
0.094444
0.094451
0.094458
0.094591
0.094598
0.094605
0.094612
0.094618
0.094500
0.094507
0.094638
0.094521
0.094403
0.094534
0.094541
0.094548
0.094554
0.094561
0.094815
0.094945
0.094951
0.095203
0.095332
0.095215
0.095221
0.095349
0.095232
0.095360
0.095366
0.095250
0.095377
0.095383
0.095388
0.095636
0.095642
0.095526
0.095652
0.095537
0.095422
0.095548
0.095673
0.095678
0.095803
0.095689
0.095574
0.095938
0.095943
0.095948
0.096071
0.096076
0.095962
0.095967
0.096209
0.096095
0.095981
0.095868
0.095755
0.095642
0.095529
0.095535
0.095540
0.095545
0.095433
0.095322
0.095210
0.095099
0.095105
0.095111
0.095000
0.095006
0.094896
0.094786
0.094676
0.094682
0.094688
0.094579
0.094585
0.094476
0.094483
0.094374
0.094381
0.094616
0.094622
0.094514
0.094521
0.094413
0.094305
0.094312
0.094545
0.094665
0.094785
0.094677
0.094570
0.094689
0.094808
0.094814
0.094707
0.094713
0.094944
0.094837
0.094955
0.094849
0.094966
0.094860
0.094866
0.095206
0.095323
0.095328
0.095222
0.095339
0.095344
0.095460
0.095465
0.095470
0.095585
0.095590
0.095705
0.095930
0.095934
0.095829
0.095943
0.095947
0.095952
0.095956
0.095852
0.095965
0.096078
0.095974
0.095870
0.095983
0.095987
0.095991
0.096104
0.096108
0.096112
0.096117
0.096013
0.096233
0.096129
0.096026
0.096137
0.096249
0.096146
0.096043
0.095940
0.096051
0.096055
0.095953
0.095851
0.095749
0.095754
0.095652
0.095657
0.095661
0.095560
0.095671
0.095570
0.095785
0.095789
0.095794
0.095798
0.095803
0.095807
0.095707
0.095607
0.095507
0.095616
0.095620
0.095521
0.095421
0.095530
0.095431
0.095436
0.095440
0.095342
0.095346
0.095351
0.095459
0.095464
0.095366
0.095267
0.095170
0.095175
0.095077
0.094980
0.094882
0.094785
0.094791
0.094796
0.094801
0.094908
0.094914
0.094919
0.094924
0.094828
0.094732
0.094737
0.094641
0.094747
0.094753
0.094657
0.094763
0.094668
0.094573
0.094478
0.094383
0.094289
0.094294
0.094200
0.091000
0.050000
0.066667
0.050000
0.040000
0.033333
0.042857
0.037500
0.033333
0.030000
0.036364
0.050000
0.053846
0.057143
0.060000
0.062500
0.082353
0.077778
0.073684
0.070000
0.076190
0.072727
0.069565
0.075000
0.072000
0.073077
0.070370
0.075000
0.079310
0.083333
0.087097
0.090625
0.090909
0.088235
0.085714
0.091667
0.089189
0.092105
0.092308
0.092500
0.090244
0.092857
0.093023
0.095455
0.093333
0.095652
0.093617
0.091667
0.093878
0.094000
0.096078
0.094231
0.092453
0.094444
0.094545
0.096429
0.098246
0.100000
0.098305
0.096667
0.095082
0.093548
0.093651
0.095312
0.093846
0.093939
0.095522
0.094118
0.095652
0.095714
0.094366
0.094444
0.094521
0.095946
0.094667
0.094737
0.094805
0.093590
0.093671
0.095000
0.096296
0.096341
0.096386
0.095238
0.094118
0.094186
0.093103
0.093182
0.093258
0.092222
0.092308
0.092391
0.091398
0.090426
0.090526
0.091667
0.090722
0.091837
0.091919
0.091000
0.091089
0.090196
0.090291
0.089423
0.089524
0.091509
0.093458
0.095370
0.096330
0.096364
0.096396
0.095536
0.094690
0.096491
0.095652
0.094828
0.094017
0.093220
0.092437
0.092500
0.092562
0.092623
0.094309
0.094355
0.094400
0.093651
0.093701
0.093750
0.093798
0.093846
0.093893
0.094697
0.096992
0.096269
0.095556
0.094853
0.094161
0.094928
0.094245
0.093571
0.094326
0.094366
0.095105
0.095833
0.095172
0.094521
0.094558
0.095270
0.096644
0.096000
0.095364
0.095395
0.094771
0.094805
0.095484
0.094872
0.096178
0.095570
0.094969
0.095625
0.096273
0.095679
0.095092
0.095732
0.095152
0.095181
0.095210
0.095238
0.095266
0.095882
0.095906
0.095349
0.095376
0.095402
0.095429
0.096023
0.096045
0.096067
0.096648
0.096111
0.096133
0.096154
0.095628
0.095109
0.094595
0.094624
0.095187
0.095745
0.095767
0.095263
0.095812
0.095312
0.095337
0.094845
0.094872
0.094898
0.095431
0.094949
0.094472
0.094500
0.094527
0.094554
0.094581
0.094608
0.094146
0.093689
0.093237
0.093269
0.093301
0.092857
0.092891
0.093396
0.093427
0.092991
0.093023
0.093981
0.093548
0.093119
0.092694
0.092727
0.092308
0.091892
0.091480
0.091518
0.092000
0.092478
0.092070
0.092982
0.094323
0.093913
0.093506
0.093103
0.093562
0.093590
0.093191
0.093644
0.093249
0.092857
0.093305
0.094167
0.094191
0.094215
0.094650
0.094262
0.094694
0.094309
0.094332
0.093952
0.094378
0.094000
0.094024
0.094048
0.093676
0.093307
0.093725
0.094141
0.094163
0.094186
0.094208
0.094231
0.094253
0.094656
0.095057
0.095076
0.094717
0.094737
0.094382
0.094030
0.094796
0.094444
0.094096
0.094118
0.093773
0.094161
0.093818
0.093841
0.093863
0.093885
0.093907
0.093929
0.093594
0.094681
0.094700
0.095070
0.095439
0.095804
0.096167
0.095833
0.095848
0.095862
0.095876
0.095890
0.095904
0.095578
0.095593
0.095946
0.095960
0.095973
0.095652
0.095667
0.095349
0.095033
0.095050
0.094737
0.094426
0.094444
0.094463
0.094481
0.094175
0.093871
0.093891
0.094231
0.093930
0.093949
0.093968
0.093987
0.094006
0.093711
0.093730
0.093750
0.093458
0.093478
0.093498
0.093827
0.093538
0.093558
0.093578
0.093293
0.093009
0.093030
0.092749
0.093072
0.092793
0.092515
0.092537
0.092262
0.091988
0.092012
0.092035
0.091765
0.091789
0.091520
0.091254
0.091279
0.091304
0.091619
0.091931
0.091954
0.091691
0.091714
0.091453
0.091193
0.090935
0.090678
0.090704
0.090730
0.090476
0.090503
0.090251
0.090278
0.090028
0.090331
0.090083
0.090385
0.090411
0.090437
0.090736
0.090761
0.090786
0.090541
0.090836
0.091398
0.091957
0.091711
0.092000
0.091755
0.092573
0.092857
0.092876
0.093421
0.093438
0.093979
0.094256
0.094271
0.094026
0.094560
0.094315
0.094072
0.093830
0.093590
0.093606
0.094388
0.094656
0.094416
0.094684
0.094444
0.095214
0.095226
0.095489
0.095500
0.095511
0.095522
0.095533
0.095297
0.095309
0.095567
0.096069
0.096324
0.096577
0.096341
0.096107
0.095874
0.095884
0.096135
0.096145
0.095913
0.096403
0.096411
0.096420
0.096190
0.096200
0.096209
0.096690
0.096462
0.096471
0.096948
0.097190
0.096963
0.096737
0.096744
0.096520
0.096296
0.096305
0.096313
0.096782
0.096560
0.096568
0.096575
0.096583
0.096364
0.096372
0.096380
0.096614
0.096396
0.096404
0.096413
0.096197
0.095982
0.095768
0.096000
0.095787
0.095796
0.095585
0.095815
0.096703
0.096491
0.096280
0.096070
0.096078
0.096087
0.096095
0.096104
0.096544
0.096336
0.096344
0.096137
0.096146
0.096154
0.095949
0.095957
0.095754
0.095975
0.095772
0.095570
0.095789
0.095798
0.095597
0.095397
0.095407
0.095208
0.095010
0.095228
0.095031
0.095041
0.095052
0.094856
0.095072
0.095287
0.095297
0.095102
0.095112
0.095325
0.095740
0.095547
0.095556
0.095363
0.095573
0.095582
0.095792
0.096000
0.096008
0.096016
0.096223
0.096032
0.096040
0.095850
0.096055
0.096063
0.096464
0.096471
0.096477
0.096289
0.096296
0.096693
0.096699
0.096705
0.096518
0.096332
0.096339
0.096154
0.095969
0.095785
0.095794
0.095802
0.095619
0.095817
0.095825
0.095833
0.095841
0.096038
0.095857
0.095677
0.095685
0.096067
0.096075
0.096269
0.096276
0.096283
0.096104
0.096111
0.095933
0.096125
0.095948
0.095956
0.096330
0.096154
0.096344
0.096350
0.096357
0.096909
0.096733
0.096739
0.096564
0.096390
0.096216
0.096223
0.096050
0.095878
0.095707
0.095714
0.096078
0.096085
0.096092
0.096277
0.096283
0.096290
0.096473
0.096303
0.096134
0.095965
0.095972
0.096329
0.096335
0.096167
0.096174
0.096007
0.096014
0.096021
0.096028
0.096034
0.096041
0.095876
0.095883
0.095890
0.095726
0.095734
0.096082
0.095918
0.095756
0.096102
0.096277
0.096115
0.096121
0.095960
0.095966
0.095805
0.096147
0.096154
0.095993
0.095833
0.095674
0.095681
0.095522
0.095861
0.095868
0.095875
0.095881
0.096053
0.096059
0.096066
0.096236
0.096242
0.096248
0.096254
0.096098
0.096104
0.095948
0.095955
0.095800
0.095645
0.095491
0.095981
0.096148
0.096154
0.096160
0.096166
0.096172
0.096019
0.095866
0.095714
0.095880
0.095728
0.095893
0.095899
0.096063
0.095912
0.095761
0.095611
0.095462
0.095469
0.095320
0.095483
0.095801
0.095652
0.095504
0.095356
0.095518
0.095525
0.095378
0.095385
0.095545
0.095552
0.095406
0.095413
0.095267
0.095122
0.094977
0.094833
0.094689
0.094848
0.094705
0.094713
0.094721
0.094880
0.094887
0.094895
0.094753
0.094611
0.094768
0.094627
0.094486
0.094494
0.094651
0.094659
0.094667
0.094527
0.094387
0.094248
0.094256
0.094412
0.094273
0.094282
0.094290
0.094444
0.094745
0.094606
0.094469
0.094331
0.094194
0.094058
0.094067
0.094075
0.094228
0.094524
0.094532
0.094684
0.094692
0.094842
0.094993
0.095000
0.094864
0.094729
0.094595
0.094460
0.094610
0.094618
0.094484
0.094492
0.094499
0.094366
0.094233
0.094101
0.094109
0.094258
0.094545
0.094693
0.094700
0.094568
0.094437
0.094444
0.094452
0.094598
0.094606
0.094751
0.094759
0.094766
0.094773
0.094643
0.094650
0.094521
0.094391
0.094399
0.094270
0.094142
0.094422
0.094293
0.094301
0.094309
0.094181
0.094054
0.093927
0.093935
0.094078
0.094086
0.094094
0.093968
0.093842
0.093984
0.093992
0.094267
0.094141
0.094282
0.094290
0.094164
0.094040
0.093915
0.093791
0.093799
0.093676
0.093684
0.093824
0.093701
0.093709
0.093717
0.093856
0.093864
0.093872
0.093880
0.093888
0.093766
0.094034
0.094041
0.094049
0.094444
0.094323
0.094201
0.094337
0.094216
0.094223
0.094231
0.094238
0.094246
0.094253
0.094260
0.094268
0.094275
0.094282
0.094289
0.094170
0.094051
0.094311
0.094444
0.094451
0.094458
0.094591
0.094598
0.094605
0.094612
0.094618
0.094500
0.094507
0.094638
0.094521
0.094403
0.094534
0.094541
0.094548
0.094554
0.094561
0.094815
0.094945
0.094951
0.095203
0.095332
0.095215
0.095221
0.095349
0.095232
0.095360
0.095366
0.095250
0.095377
0.095383
0.095388
0.095636
0.095642
0.095526
0.095652
0.095537
0.095422
0.095548
0.095673
0.095678
0.095803
0.095689
0.095574
0.095938
0.095943
0.095948
0.096071
0.096076
0.095962
0.095967
0.096209
0.096095
0.095981
0.095868
0.095755
0.095642
0.095529
0.095535
0.095540
0.095545
0.095433
0.095322
0.095210
0.095099
0.095105
0.095111
0.095000
0.095006
0.094896
0.094786
0.094676
0.094682
0.094688
0.094579
0.094585
0.094476
0.094483
0.094374
0.094381
0.094616
0.094622
0.094514
0.094521
0.094413
0.094305
0.094312
0.094545
0.094665
0.094785
0.094677
0.094570
0.094689
0.094808
0.094814
0.094707
0.094713
0.094944
0.094837
0.094955
0.094849
0.094966
0.094860
0.094866
0.095206
0.095323
0.095328
0.095222
0.095339
0.095344
0.095460
0.095465
0.095470
0.095585
0.095590
0.095705
0.095930
0.095934
0.095829
0.095943
0.095947
0.095952
0.095956
0.095852
0.095965
0.096078
0.095974
0.095870
0.095983
0.095987
0.095991
0.096104
0.096108
0.096112
0.096117
0.096013
0.096233
0.096129
0.096026
0.096137
0.096249
0.096146
0.096043
0.095940
0.096051
0.096055
0.095953
0.095851
0.095749
0.095754
0.095652
0.095657
0.095661
0.095560
0.095671
0.095570
0.095785
0.095789
0.095794
0.095798
0.095803
0.095807
0.095707
0.095607
0.095507
0.095616
0.095620
0.095521
0.095421
0.095530
0.095431
0.095436
0.095440
0.095342
0.095346
0.095351
0.095459
0.095464
0.095366
0.095267
0.095170
0.095175
0.095077
0.094980
0.094882
0.094785
0.094791
0.094796
0.094801
0.094908
0.094914
0.094919
0.094924
0.094828
0.094732
0.094737
0.094641
0.094747
0.094753
0.094657
0.094763
0.094668
0.094573
0.094478
0.094383
0.094289
0.094294
0.094200
0.091000
0.050000
0.066667
0.050000
0.040000
0.033333
0.042857
0.037500
0.033333
0.030000
0.036364
0.050000
0.053846
0.057143
0.060000
0.062500
0.082353
0.077778
0.073684
0.070000
0.076190
0.072727
0.069565
0.075000
0.072000
0.073077
0.070370
0.075000
0.079310
0.083333
0.087097
0.090625
0.090909
0.088235
0.085714
0.091667
0.089189
0.092105
0.092308
0.092500
0.090244
0.092857
0.093023
0.095455
0.093333
0.095652
0.093617
0.091667
0.093878
0.094000
0.096078
0.094231
0.092453
0.094444
0.094545
0.096429
0.098246
0.100000
0.098305
0.096667
0.095082
0.093548
0.093651
0.095312
0.093846
0.093939
0.095522
0.094118
0.095652
0.095714
0.094366
0.094444
0.094521
0.095946
0.094667
0.094737
0.094805
0.093590
0.093671
0.095000
0.096296
0.096341
0.096386
0.095238
0.094118
0.094186
0.093103
0.093182
0.093258
0.092222
0.092308
0.092391
0.091398
0.090426
0.090526
0.091667
0.090722
0.091837
0.091919
0.091000
0.091089
0.090196
0.090291
0.089423
0.089524
0.091509
0.093458
0.095370
0.096330
0.096364
0.096396
0.095536
0.094690
0.096491
0.095652
0.094828
0.094017
0.093220
0.092437
0.092500
0.092562
0.092623
0.094309
0.094355
0.094400
0.093651
0.093701
0.093750
0.093798
0.093846
0.093893
0.094697
0.096992
0.096269
0.095556
0.094853
0.094161
0.094928
0.094245
0.093571
0.094326
0.094366
0.095105
0.095833
0.095172
0.094521
0.094558
0.095270
0.096644
0.096000
0.095364
0.095395
0.094771
0.094805
0.095484
0.094872
0.096178
0.095570
0.094969
0.095625
0.096273
0.095679
0.095092
0.095732
0.095152
0.095181
0.095210
0.095238
0.095266
0.095882
0.095906
0.095349
0.095376
0.095402
0.095429
0.096023
0.096045
0.096067
0.096648
0.096111
0.096133
0.096154
0.095628
0.095109
0.094595
0.094624
0.095187
0.095745
0.095767
0.095263
0.095812
0.095312
0.095337
0.094845
0.094872
0.094898
0.095431
0.094949
0.094472
0.094500
0.094527
0.094554
0.094581
0.094608
0.094146
0.093689
0.093237
0.093269
0.093301
0.092857
0.092891
0.093396
0.093427
0.092991
0.093023
0.093981
0.093548
0.093119
0.092694
0.092727
0.092308
0.091892
0.091480
0.091518
0.092000
0.092478
0.092070
0.092982
0.094323
0.093913
0.093506
0.093103
0.093562
0.093590
0.093191
0.093644
0.093249
0.092857
0.093305
0.094167
0.094191
0.094215
0.094650
0.094262
0.094694
0.094309
0.094332
0.093952
0.094378
0.094000
0.094024
0.094048
0.093676
0.093307
0.093725
0.094141
0.094163
0.094186
0.094208
0.094231
0.094253
0.094656
0.095057
0.095076
0.094717
0.094737
0.094382
0.094030
0.094796
0.094444
0.094096
0.094118
0.093773
0.094161
0.093818
0.093841
0.093863
0.093885
0.093907
0.093929
0.093594
0.094681
0.094700
0.095070
0.095439
0.095804
0.096167
0.095833
0.095848
0.095862
0.095876
0.095890
0.095904
0.095578
0.095593
0.095946
0.095960
0.095973
0.095652
0.095667
0.095349
0.095033
0.095050
0.094737
0.094426
0.094444
0.094463
0.094481
0.094175
0.093871
0.093891
0.094231
0.093930
0.093949
0.093968
0.093987
0.094006
0.093711
0.093730
0.093750
0.093458
0.093478
0.093498
0.093827
0.093538
0.093558
0.093578
0.093293
0.093009
0.093030
0.092749
0.093072
0.092793
0.092515
0.092537
0.092262
0.091988
0.092012
0.092035
0.091765
0.091789
0.091520
0.091254
0.091279
0.091304
0.091619
0.091931
0.091954
0.091691
0.091714
0.091453
0.091193
0.090935
0.090678
0.090704
0.090730
0.090476
0.090503
0.090251
0.090278
0.090028
0.090331
0.090083
0.090385
0.090411
0.090437
0.090736
0.090761
0.090786
0.090541
0.090836
0.091398
0.091957
0.091711
0.092000
0.091755
0.092573
0.092857
0.092876
0.093421
0.093438
0.093979
0.094256
0.094271
0.094026
0.094560
0.094315
0.094072
0.093830
0.093590
0.093606
0.094388
0.094656
0.094416
0.094684
0.094444
0.095214
0.095226
0.095489
0.095500
0.095511
0.095522
0.095533
0.095297
0.095309
0.095567
0.096069
0.096324
0.096577
0.096341
0.096107
0.095874
0.095884
0.096135
0.096145
0.095913
0.096403
0.096411
0.096420
0.096190
0.096200
0.096209
0.096690
0.096462
0.096471
0.096948
0.097190
0.096963
0.096737
0.096744
0.096520
0.096296
0.096305
0.096313
0.096782
0.096560
0.096568
0.096575
0.096583
0.096364
0.096372
0.096380
0.096614
0.096396
0.096404
0.096413
0.096197
0.095982
0.095768
0.096000
0.095787
0.095796
0.095585
0.095815
0.096703
0.096491
0.096280
0.096070
0.096078
0.096087
0.096095
0.096104
0.096544
0.096336
0.096344
0.096137
0.096146
0.096154
0.095949
0.095957
0.095754
0.095975
0.095772
0.095570
0.095789
0.095798
0.095597
0.095397
0.095407
0.095208
0.095010
0.095228
0.095031
0.095041
0.095052
0.094856
0.095072
0.095287
0.095297
0.095102
0.095112
0.095325
0.095740
0.095547
0.095556
0.095363
0.095573
0.095582
0.095792
0.096000
0.096008
0.096016
0.096223
0.096032
0.096040
0.095850
0.096055
0.096063
0.096464
0.096471
0.096477
0.096289
0.096296
0.096693
0.096699
0.096705
0.096518
0.096332
0.096339
0.096154
0.095969
0.095785
0.095794
0.095802
0.095619
0.095817
0.095825
0.095833
0.095841
0.096038
0.095857
0.095677
0.095685
0.096067
0.096075
0.096269
0.096276
0.096283
0.096104
0.096111
0.095933
0.096125
0.095948
0.095956
0.096330
0.096154
0.096344
0.096350
0.096357
0.096909
0.096733
0.096739
0.096564
0.096390
0.096216
0.096223
0.096050
0.095878
0.095707
0.095714
0.096078
0.096085
0.096092
0.096277
0.096283
0.096290
0.096473
0.096303
0.096134
0.095965
0.095972
0.096329
0.096335
0.096167
0.096174
0.096007
0.096014
0.096021
0.096028
0.096034
0.096041
0.095876
0.095883
0.095890
0.095726
0.095734
0.096082
0.095918
0.095756
0.096102
0.096277
0.096115
0.096121
0.095960
0.095966
0.095805
0.096147
0.096154
0.095993
0.095833
0.095674
0.095681
0.095522
0.095861
0.095868
0.095875
0.095881
0.096053
0.096059
0.096066
0.096236
0.096242
0.096248
0.096254
0.096098
0.096104
0.095948
0.095955
0.095800
0.095645
0.095491
0.095981
0.096148
0.096154
0.096160
0.096166
0.096172
0.096019
0.095866
0.095714
0.095880
0.095728
0.095893
0.095899
0.096063
0.095912
0.095761
0.095611
0.095462
0.095469
0.095320
0.095483
0.095801
0.095652
0.095504
0.095356
0.095518
0.095525
0.095378
0.095385
0.095545
0.095552
0.095406
0.095413
0.095267
0.095122
0.094977
0.094833
0.094689
0.094848
0.094705
0.094713
0.094721
0.094880
0.094887
0.094895
0.094753
0.094611
0.094768
0.094627
0.094486
0.094494
0.094651
0.094659
0.094667
0.094527
0.094387
0.094248
0.094256
0.094412
0.094273
0.094282
0.094290
0.094444
0.094745
0.094606
0.094469
0.094331
0.094194
0.094058
0.094067
0.094075
0.094228
0.094524
0.094532
0.094684
0.094692
0.094842
0.094993
0.095000
0.094864
0.094729
0.094595
0.094460
0.094610
0.094618
0.094484
0.094492
0.094499
0.094366
0.094233
0.094101
0.094109
0.094258
0.094545
0.094693
0.094700
0.094568
0.094437
0.094444
0.094452
0.094598
0.094606
0.094751
0.094759
0.094766
0.094773
0.094643
0.094650
0.094521
0.094391
0.094399
0.094270
0.094142
0.094422
0.094293
0.094301
0.094309
0.094181
0.094054
0.093927
0.093935
0.094078
0.094086
0.094094
0.093968
0.093842
0.093984
0.093992
0.094267
0.094141
0.094282
0.094290
0.094164
0.094040
0.093915
0.093791
0.093799
0.093676
0.093684
0.093824
0.093701
0.093709
0.093717
0.093856
0.093864
0.093872
0.093880
0.093888
0.093766
0.094034
0.094041
0.094049
0.094444
0.094323
0.094201
0.094337
0.094216
0.094223
0.094231
0.094238
0.094246
0.094253
0.094260
0.094268
0.094275
0.094282
0.094289
0.094170
0.094051
0.094311
0.094444
0.094451
0.094458
0.094591
0.094598
0.094605
0.094612
0.094618
0.094500
0.094507
0.094638
0.094521
0.094403
0.094534
0.094541
0.094548
0.094554
0.094561
0.094815
0.094945
0.094951
0.095203
0.095332
0.095215
0.095221
0.095349
0.095232
0.095360
0.095366
0.095250
0.095377
0.095383
0.095388
0.095636
0.095642
0.095526
0.095652
0.095537
0.095422
0.095548
0.095673
0.095678
0.095803
0.095689
0.095574
0.095938
0.095943
0.095948
0.096071
0.096076
0.095962
0.095967
0.096209
0.096095
0.095981
0.095868
0.095755
0.095642
0.095529
0.095535
0.095540
0.095545
0.095433
0.095322
0.095210
0.095099
0.095105
0.095111
0.095000
0.095006
0.094896
0.094786
0.094676
0.094682
0.094688
0.094579
0.094585
0.094476
0.094483
0.094374
0.094381
0.094616
0.094622
0.094514
0.094521
0.094413
0.094305
0.094312
0.094545
0.094665
0.094785
0.094677
0.094570
0.094689
0.094808
0.094814
0.094707
0.094713
0.094944
0.094837
0.094955
0.094849
0.094966
0.094860
0.094866
0.095206
0.095323
0.095328
0.095222
0.095339
0.095344
0.095460
0.095465
0.095470
0.095585
0.095590
0.095705
0.095930
0.095934
0.095829
0.095943
0.095947
0.095952
0.095956
0.095852
0.095965
0.096078
0.095974
0.095870
0.095983
0.095987
0.095991
0.096104
0.096108
0.096112
0.096117
0.096013
0.096233
0.096129
0.096026
0.096137
0.096249
0.096146
0.096043
0.095940
0.096051
0.096055
0.095953
0.095851
0.095749
0.095754
0.095652
0.095657
0.095661
0.095560
0.095671
0.095570
0.095785
0.095789
0.095794
0.095798
0.095803
0.095807
0.095707
0.095607
0.095507
0.095616
0.095620
0.095521
0.095421
0.095530
0.095431
0.095436
0.095440
0.095342
0.095346
0.095351
0.095459
0.095464
0.095366
0.095267
0.095170
0.095175
0.095077
0.094980
0.094882
0.094785
0.094791
0.094796
0.094801
0.094908
0.094914
0.094919
0.094924
0.094828
0.094732
0.094737
0.094641
0.094747
0.094753
0.094657
0.094763
0.094668
0.094573
0.094478
0.094383
0.094289
0.094294
0.094200
0.091000
0.050000
0.066667
0.050000
0.040000
0.033333
0.042857
0.037500
0.033333
0.030000
0.036364
0.050000
0.053846
0.057143
0.060000
0.062500
0.082353
0.077778
0.073684
0.070000
0.076190
0.072727
0.069565
0.075000
0.072000
0.073077
0.070370
0.075000
0.079310
0.083333
0.087097
0.090625
0.090909
0.088235
0.085714
0.091667
0.089189
0.092105
0.092308
0.092500
0.090244
0.092857
0.093023
0.095455
0.093333
0.095652
0.093617
0.091667
0.093878
0.094000
0.096078
0.094231
0.092453
0.094444
0.094545
0.096429
0.098246
0.100000
0.098305
0.096667
0.095082
0.093548
0.093651
0.095312
0.093846
0.093939
0.095522
0.094118
0.095652
0.095714
0.094366
0.094444
0.094521
0.095946
0.094667
0.094737
0.094805
0.093590
0.093671
0.095000
0.096296
0.096341
0.096386
0.095238
0.094118
0.094186
0.093103
0.093182
0.093258
0.092222
0.092308
0.092391
0.091398
0.090426
0.090526
0.091667
0.090722
0.091837
0.091919
0.091000
0.091089
0.090196
0.090291
0.089423
0.089524
0.091509
0.093458
0.095370
0.096330
0.096364
0.096396
0.095536
0.094690
0.096491
0.095652
0.094828
0.094017
0.093220
0.092437
0.092500
0.092562
0.092623
0.094309
0.094355
0.094400
0.093651
0.093701
0.093750
0.093798
0.093846
0.093893
0.094697
0.096992
0.096269
0.095556
0.094853
0.094161
0.094928
0.094245
0.093571
0.094326
0.094366
0.095105
0.095833
0.095172
0.094521
0.094558
0.095270
0.096644
0.096000
0.095364
0.095395
0.094771
0.094805
0.095484
0.094872
0.096178
0.095570
0.094969
0.095625
0.096273
0.095679
0.095092
0.095732
0.095152
0.095181
0.095210
0.095238
0.095266
0.095882
0.095906
0.095349
0.095376
0.095402
0.095429
0.096023
0.096045
0.096067
0.096648
0.096111
0.096133
0.096154
0.095628
0.095109
0.094595
0.094624
0.095187
0.095745
0.095767
0.095263
0.095812
0.095312
0.095337
0.094845
0.094872
0.094898
0.095431
0.094949
0.094472
0.094500
0.094527
0.094554
0.094581
0.094608
0.094146
0.093689
0.093237
0.093269
0.093301
0.092857
0.092891
0.093396
0.093427
0.092991
0.093023
0.093981
0.093548
0.093119
0.092694
0.092727
0.092308
0.091892
0.091480
0.091518
0.092000
0.092478
0.092070
0.092982
0.094323
0.093913
0.093506
0.093103
0.093562
0.093590
0.093191
0.093644
0.093249
0.092857
0.093305
0.094167
0.094191
0.094215
0.094650
0.094262
0.094694
0.094309
0.094332
0.093952
0.094378
0.094000
0.094024
0.094048
0.093676
0.093307
0.093725
0.094141
0.094163
0.094186
0.094208
0.094231
0.094253
0.094656
0.095057
0.095076
0.094717
0.094737
0.094382
0.094030
0.094796
0.094444
0.094096
0.094118
0.093773
0.094161
0.093818
0.093841
0.093863
0.093885
0.093907
0.093929
0.093594
0.094681
0.094700
0.095070
0.095439
0.095804
0.096167
0.095833
0.095848
0.095862
0.095876
0.095890
0.095904
0.095578
0.095593
0.095946
0.095960
0.095973
0.095652
0.095667
0.095349
0.095033
0.095050
0.094737
0.094426
0.094444
0.094463
0.094481
0.094175
0.093871
0.093891
0.094231
0.093930
0.093949
0.093968
0.093987
0.094006
0.093711
0.093730
0.093750
0.093458
0.093478
0.093498
0.093827
0.093538
0.093558
0.093578
0.093293
0.093009
0.093030
0.092749
0.093072
0.092793
0.092515
0.092537
0.092262
0.091988
0.092012
0.092035
0.091765
0.091789
0.091520
0.091254
0.091279
0.091304
0.091619
0.091931
0.091954
0.091691
0.091714
0.091453
0.091193
0.090935
0.090678
0.090704
0.090730
0.090476
0.090503
0.090251
0.090278
0.090028
0.090331
0.090083
0.090385
0.090411
0.090437
0.090736
0.090761
0.090786
0.090541
0.090836
0.091398
0.091957
0.091711
0.092000
0.091755
0.092573
0.092857
0.092876
0.093421
0.093438
0.093979
0.094256
0.094271
0.094026
0.094560
0.094315
0.094072
0.093830
0.093590
0.093606
0.094388
0.094656
0.094416
0.094684
0.094444
0.095214
0.095226
0.095489
0.095500
0.095511
0.095522
0.095533
0.095297
0.095309
0.095567
0.096069
0.096324
0.096577
0.096341
0.096107
0.095874
0.095884
0.096135
0.096145
0.095913
0.096403
0.096411
0.096420
0.096190
0.096200
0.096209
0.096690
0.096462
0.096471
0.096948
0.097190
0.096963
0.096737
0.096744
0.096520
0.096296
0.096305
0.096313
0.096782
0.096560
0.096568
0.096575
0.096583
0.096364
0.096372
0.096380
0.096614
0.096396
0.096404
0.096413
0.096197
0.095982
0.095768
0.096000
0.095787
0.095796
0.095585
0.095815
0.096703
0.096491
0.096280
0.096070
0.096078
0.096087
0.096095
0.096104
0.096544
0.096336
0.096344
0.096137
0.096146
0.096154
0.095949
0.095957
0.095754
0.095975
0.095772
0.095570
0.095789
0.095798
0.095597
0.095397
0.095407
0.095208
0.095010
0.095228
0.095031
0.095041
0.095052
0.094856
0.095072
0.095287
0.095297
0.095102
0.095112
0.095325
0.095740
0.095547
0.095556
0.095363
0.095573
0.095582
0.095792
0.096000
0.096008
0.096016
0.096223
0.096032
0.096040
0.095850
0.096055
0.096063
0.096464
0.096471
0.096477
0.096289
0.096296
0.096693
0.096699
0.096705
0.096518
0.096332
0.096339
0.096154
0.095969
0.095785
0.095794
0.095802
0.095619
0.095817
0.095825
0.095833
0.095841
0.096038
0.095857
0.095677
0.095685
0.096067
0.096075
0.096269
0.096276
0.096283
0.096104
0.096111
0.095933
0.096125
0.095948
0.095956
0.096330
0.096154
0.096344
0.096350
0.096357
0.096909
0.096733
0.096739
0.096564
0.096390
0.096216
0.096223
0.096050
0.095878
0.095707
0.095714
0.096078
0.096085
0.096092
0.096277
0.096283
0.096290
0.096473
0.096303
0.096134
0.095965
0.095972
0.096329
0.096335
0.096167
0.096174
0.096007
0.096014
0.096021
0.096028
0.096034
0.096041
0.095876
0.095883
0.095890
0.095726
0.095734
0.096082
0.095918
0.095756
0.096102
0.096277
0.096115
0.096121
0.095960
0.095966
0.095805
0.096147
0.096154
0.095993
0.095833
0.095674
0.095681
0.095522
0.095861
0.095868
0.095875
0.095881
0.096053
0.096059
0.096066
0.096236
0.096242
0.096248
0.096254
0.096098
0.096104
0.095948
0.095955
0.095800
0.095645
0.095491
0.095981
0.096148
0.096154
0.096160
0.096166
0.096172
0.096019
0.095866
0.095714
0.095880
0.095728
0.095893
0.095899
0.096063
0.095912
0.095761
0.095611
0.095462
0.095469
0.095320
0.095483
0.095801
0.095652
0.095504
0.095356
0.095518
0.095525
0.095378
0.095385
0.095545
0.095552
0.095406
0.095413
0.095267
0.095122
0.094977
0.094833
0.094689
0.094848
0.094705
0.094713
0.094721
0.094880
0.094887
0.094895
0.094753
0.094611
0.094768
0.094627
0.094486
0.094494
0.094651
0.094659
0.094667
0.094527
0.094387
0.094248
0.094256
0.094412
0.094273
0.094282
0.094290
0.094444
0.094745
0.094606
0.094469
0.094331
0.094194
0.094058
0.094067
0.094075
0.094228
0.094524
0.094532
0.094684
0.094692
0.094842
0.094993
0.095000
0.094864
0.094729
0.094595
0.094460
0.094610
0.094618
0.094484
0.094492
0.094499
0.094366
0.094233
0.094101
0.094109
0.094258
0.094545
0.094693
0.094700
0.094568
0.094437
0.094444
0.094452
0.094598
0.094606
0.094751
0.094759
0.094766
0.094773
0.094643
0.094650
0.094521
0.094391
0.094399
0.094270
0.094142
0.094422
0.094293
0.094301
0.094309
0.094181
0.094054
0.093927
0.093935
0.094078
0.094086
0.094094
0.093968
0.093842
0.093984
0.093992
0.094267
0.094141
0.094282
0.094290
0.094164
0.094040
0.093915
0.093791
0.093799
0.093676
0.093684
0.093824
0.093701
0.093709
0.093717
0.093856
0.093864
0.093872
0.093880
0.093888
0.093766
0.094034
0.094041
0.094049
0.094444
0.094323
0.094201
0.094337
0.094216
0.094223
0.094231
0.094238
0.094246
0.094253
0.094260
0.094268
0.094275
0.094282
0.094289
0.094170
0.094051
0.094311
0.094444
0.094451
0.094458
0.094591
0.094598
0.094605
0.094612
0.094618
0.094500
0.094507
0.094638
0.094521
0.094403
0.094534
0.094541
0.094548
0.094554
0.094561
0.094815
0.094945
0.094951
0.095203
0.095332
0.095215
0.095221
0.095349
0.095232
0.095360
0.095366
0.095250
0.095377
0.095383
0.095388
0.095636
0.095642
0.095526
0.095652
0.095537
0.095422
0.095548
0.095673
0.095678
0.095803
0.095689
0.095574
0.095938
0.095943
0.095948
0.096071
0.096076
0.095962
0.095967
0.096209
0.096095
0.095981
0.095868
0.095755
0.095642
0.095529
0.095535
0.095540
0.095545
0.095433
0.095322
0.095210
0.095099
0.095105
0.095111
0.095000
0.095006
0.094896
0.094786
0.094676
0.094682
0.094688
0.094579
0.094585
0.094476
0.094483
0.094374
0.094381
0.094616
0.094622
0.094514
0.094521
0.094413
0.094305
0.094312
0.094545
0.094665
0.094785
0.094677
0.094570
0.094689
0.094808
0.094814
0.094707
0.094713
0.094944
0.094837
0.094955
0.094849
0.094966
0.094860
0.094866
0.095206
0.095323
0.095328
0.095222
0.095339
0.095344
0.095460
0.095465
0.095470
0.095585
0.095590
0.095705
0.095930
0.095934
0.095829
0.095943
0.095947
0.095952
0.095956
0.095852
0.095965
0.096078
0.095974
0.095870
0.095983
0.095987
0.095991
0.096104
0.096108
0.096112
0.096117
0.096013
0.096233
0.096129
0.096026
0.096137
0.096249
0.096146
0.096043
0.095940
0.096051
0.096055
0.095953
0.095851
0.095749
0.095754
0.095652
0.095657
0.095661
0.095560
0.095671
0.095570
0.095785
0.095789
0.095794
0.095798
0.095803
0.095807
0.095707
0.095607
0.095507
0.095616
0.095620
0.095521
0.095421
0.095530
0.095431
0.095436
0.095440
0.095342
0.095346
0.095351
0.095459
0.095464
0.095366
0.095267
0.095170
0.095175
0.095077
0.094980
0.094882
0.094785
0.094791
0.094796
0.094801
0.094908
0.094914
0.094919
0.094924
0.094828
0.094732
0.094737
0.094641
0.094747
0.094753
0.094657
0.094763
0.094668
0.094573
0.094478
0.094383
0.094289
0.094294
0.094200
0.091000
0.050000
0.066667
0.050000
0.040000
0.033333
0.042857
0.037500
0.033333
0.030000
0.036364
0.050000
0.053846
0.057143
0.060000
0.062500
0.082353
0.077778
0.073684
0.070000
0.076190
0.072727
0.069565
0.075000
0.072000
0.073077
0.070370
0.075000
0.079310
0.083333
0.087097
0.090625
0.090909
0.088235
0.085714
0.091667
0.089189
0.092105
0.092308
0.092500
0.090244
0.092857
0.093023
0.095455
0.093333
0.095652
0.093617
0.091667
0.093878
0.094000
0.096078
0.094231
0.092453
0.094444
0.094545
0.096429
0.098246
0.100000
0.098305
0.096667
0.095082
0.093548
0.093651
0.095312
0.093846
0.093939
0.095522
0.094118
0.095652
0.095714
0.094366
0.094444
0.094521
0.095946
0.094667
0.094737
0.094805
0.093590
0.093671
0.095000
0.096296
0.096341
0.096386
0.095238
0.094118
0.094186
0.093103
0.093182
0.093258
0.092222
0.092308
0.092391
0.091398
0.090426
0.090526
0.091667
0.090722
0.091837
0.091919
0.091000
0.091089
0.090196
0.090291
0.089423
0.089524
0.091509
0.093458
0.095370
0.096330
0.096364
0.096396
0.095536
0.094690
0.096491
0.095652
0.094828
0.094017
0.093220
0.092437
0.092500
0.092562
0.092623
0.094309
0.094355
0.094400
0.093651
0.093701
0.093750
0.093798
0.093846
0.093893
0.094697
0.096992
0.096269
0.095556
0.094853
0.094161
0.094928
0.094245
0.093571
0.094326
0.094366
0.095105
0.095833
0.095172
0.094521
0.094558
0.095270
0.096644
0.096000
0.095364
0.095395
0.094771
0.094805
0.095484
0.094872
0.096178
0.095570
0.094969
0.095625
0.096273
0.095679
0.095092
0.095732
0.095152
0.095181
0.095210
0.095238
0.095266
0.095882
0.095906
0.095349
0.095376
0.095402
0.095429
0.096023
0.096045
0.096067
0.096648
0.096111
0.096133
0.096154
0.095628
0.095109
0.094595
0.094624
0.095187
0.095745
0.095767
0.095263
0.095812
0.095312
0.095337
0.094845
0.094872
0.094898
0.095431
0.094949
0.094472
0.094500
0.094527
0.094554
0.094581
0.094608
0.094146
0.093689
0.093237
0.093269
0.093301
0.092857
0.092891
0.093396
0.093427
0.092991
0.093023
0.093981
0.093548
0.093119
0.092694
0.092727
0.092308
0.091892
0.091480
0.091518
0.092000
0.092478
0.092070
0.092982
0.094323
0.093913
0.093506
0.093103
0.093562
0.093590
0.093191
0.093644
0.093249
0.092857
0.093305
0.094167
0.094191
0.094215
0.094650
0.094262
0.094694
0.094309
0.094332
0.093952
0.094378
0.094000
0.094024
0.094048
0.093676
0.093307
0.093725
0.094141
0.094163
0.094186
0.094208
0.094231
0.094253
0.094656
0.095057
0.095076
0.094717
0.094737
0.094382
0.094030
0.094796
0.094444
0.094096
0.094118
0.093773
0.094161
0.093818
0.093841
0.093863
0.093885
0.093907
0.093929
0.093594
0.094681
0.094700
0.095070
0.095439
0.095804
0.096167
0.095833
0.095848
0.095862
0.095876
0.095890
0.095904
0.095578
0.095593
0.095946
0.095960
0.095973
0.095652
0.095667
0.095349
0.095033
0.095050
0.094737
0.094426
0.094444
0.094463
0.094481
0.094175
0.093871
0.093891
0.094231
0.093930
0.093949
0.093968
0.093987
0.094006
0.093711
0.093730
0.093750
0.093458
0.093478
0.093498
0.093827
0.093538
0.093558
0.093578
0.093293
0.093009
0.093030
0.092749
0.093072
0.092793
0.092515
0.092537
0.092262
0.091988
0.092012
0.092035
0.091765
0.091789
0.091520
0.091254
0.091279
0.091304
0.091619
0.091931
0.091954
0.091691
0.091714
0.091453
0.091193
0.090935
0.090678
0.090704
0.090730
0.090476
0.090503
0.090251
0.090278
0.090028
0.090331
0.090083
0.090385
0.090411
0.090437
0.090736
0.090761
0.090786
0.090541
0.090836
0.091398
0.091957
0.091711
0.092000
0.091755
0.092573
0.092857
0.092876
0.093421
0.093438
0.093979
0.094256
0.094271
0.094026
0.094560
0.094315
0.094072
0.093830
0.093590
0.093606
0.094388
0.094656
0.094416
0.094684
0.094444
0.095214
0.095226
0.095489
0.095500
0.095511
0.095522
0.095533
0.095297
0.095309
0.095567
0.096069
0.096324
0.096577
0.096341
0.096107
0.095874
0.095884
0.096135
0.096145
0.095913
0.096403
0.096411
0.096420
0.096190
0.096200
0.096209
0.096690
0.096462
0.096471
0.096948
0.097190
0.096963
0.096737
0.096744
0.096520
0.096296
0.096305
0.096313
0.096782
0.096560
0.096568
0.096575
0.096583
0.096364
0.096372
0.096380
0.096614
0.096396
0.096404
0.096413
0.096197
0.095982
0.095768
0.096000
0.095787
0.095796
0.095585
0.095815
0.096703
0.096491
0.096280
0.096070
0.096078
0.096087
0.096095
0.096104
0.096544
0.096336
0.096344
0.096137
0.096146
0.096154
0.095949
0.095957
0.095754
0.095975
0.095772
0.095570
0.095789
0.095798
0.095597
0.095397
0.095407
0.095208
0.095010
0.095228
0.095031
0.095041
0.095052
0.094856
0.095072
0.095287
0.095297
0.095102
0.095112
0.095325
0.095740
0.095547
0.095556
0.095363
0.095573
0.095582
0.095792
0.096000
0.096008
0.096016
0.096223
0.096032
0.096040
0.095850
0.096055
0.096063
0.096464
0.096471
0.096477
0.096289
0.096296
0.096693
0.096699
0.096705
0.096518
0.096332
0.096339
0.096154
0.095969
0.095785
0.095794
0.095802
0.095619
0.095817
0.095825
0.095833
0.095841
0.096038
0.095857
0.095677
0.095685
0.096067
0.096075
0.096269
0.096276
0.096283
0.096104
0.096111
0.095933
0.096125
0.095948
0.095956
0.096330
0.096154
0.096344
0.096350
0.096357
0.096909
0.096733
0.096739
0.096564
0.096390
0.096216
0.096223
0.096050
0.095878
0.095707
0.095714
0.096078
0.096085
0.096092
0.096277
0.096283
0.096290
0.096473
0.096303
0.096134
0.095965
0.095972
0.096329
0.096335
0.096167
0.096174
0.096007
0.096014
0.096021
0.096028
0.096034
0.096041
0.095876
0.095883
0.095890
0.095726
0.095734
0.096082
0.095918
0.095756
0.096102
0.096277
0.096115
0.096121
0.095960
0.095966
0.095805
0.096147
0.096154
0.095993
0.095833
0.095674
0.095681
0.095522
0.095861
0.095868
0.095875
0.095881
0.096053
0.096059
0.096066
0.096236
0.096242
0.096248
0.096254
0.096098
0.096104
0.095948
0.095955
0.095800
0.095645
0.095491
0.095981
0.096148
0.096154
0.096160
0.096166
0.096172
0.096019
0.095866
0.095714
0.095880
0.095728
0.095893
0.095899
0.096063
0.095912
0.095761
0.095611
0.095462
0.095469
0.095320
0.095483
0.095801
0.095652
0.095504
0.095356
0.095518
0.095525
0.095378
0.095385
0.095545
0.095552
0.095406
0.095413
0.095267
0.095122
0.094977
0.094833
0.094689
0.094848
0.094705
0.094713
0.094721
0.094880
0.094887
0.094895
0.094753
0.094611
0.094768
0.094627
0.094486
0.094494
0.094651
0.094659
0.094667
0.094527
0.094387
0.094248
0.094256
0.094412
0.094273
0.094282
0.094290
0.094444
0.094745
0.094606
0.094469
0.094331
0.094194
0.094058
0.094067
0.094075
0.094228
0.094524
0.094532
0.094684
0.094692
0.094842
0.094993
0.095000
0.094864
0.094729
0.094595
0.094460
0.094610
0.094618
0.094484
0.094492
0.094499
0.094366
0.094233
0.094101
0.094109
0.094258
0.094545
0.094693
0.094700
0.094568
0.094437
0.094444
0.094452
0.094598
0.094606
0.094751
0.094759
0.094766
0.094773
0.094643
0.094650
0.094521
0.094391
0.094399
0.094270
0.094142
0.094422
0.094293
0.094301
0.094309
0.094181
0.094054
0.093927
0.093935
0.094078
0.094086
0.094094
0.093968
0.093842
0.093984
0.093992
0.094267
0.094141
0.094282
0.094290
0.094164
0.094040
0.093915
0.093791
0.093799
0.093676
0.093684
0.093824
0.093701
0.093709
0.093717
0.093856
0.093864
0.093872
0.093880
0.093888
0.093766
0.094034
0.094041
0.094049
0.094444
0.094323
0.094201
0.094337
0.094216
0.094223
0.094231
0.094238
0.094246
0.094253
0.094260
0.094268
0.094275
0.094282
0.094289
0.094170
0.094051
0.094311
0.094444
0.094451
0.094458
0.094591
0.094598
0.094605
0.094612
0.094618
0.094500
0.094507
0.094638
0.094521
0.094403
0.094534
0.094541
0.094548
0.094554
0.094561
0.094815
0.094945
0.094951
0.095203
0.095332
0.095215
0.095221
0.095349
0.095232
0.095360
0.095366
0.095250
0.095377
0.095383
0.095388
0.095636
0.095642
0.095526
0.095652
0.095537
0.095422
0.095548
0.095673
0.095678
0.095803
0.095689
0.095574
0.095938
0.095943
0.095948
0.096071
0.096076
0.095962
0.095967
0.096209
0.096095
0.095981
0.095868
0.095755
0.095642
0.095529
0.095535
0.095540
0.095545
0.095433
0.095322
0.095210
0.095099
0.095105
0.095111
0.095000
0.095006
0.094896
0.094786
0.094676
0.094682
0.094688
0.094579
0.094585
0.094476
0.094483
0.094374
0.094381
0.094616
0.094622
0.094514
0.094521
0.094413
0.094305
0.094312
0.094545
0.094665
0.094785
0.094677
0.094570
0.094689
0.094808
0.094814
0.094707
0.094713
0.094944
0.094837
0.094955
0.094849
0.094966
0.094860
0.094866
0.095206
0.095323
0.095328
0.095222
0.095339
0.095344
0.095460
0.095465
0.095470
0.095585
0.095590
0.095705
0.095930
0.095934
0.095829
0.095943
0.095947
0.095952
0.095956
0.095852
0.095965
0.096078
0.095974
0.095870
0.095983
0.095987
0.095991
0.096104
0.096108
0.096112
0.096117
0.096013
0.096233
0.096129
0.096026
0.096137
0.096249
0.096146
0.096043
0.095940
0.096051
0.096055
0.095953
0.095851
0.095749
0.095754
0.095652
0.095657
0.095661
0.095560
0.095671
0.095570
0.095785
0.095789
0.095794
0.095798
0.095803
0.095807
0.095707
0.095607
0.095507
0.095616
0.095620
0.095521
0.095421
0.095530
0.095431
0.095436
0.095440
0.095342
0.095346
0.095351
0.095459
0.095464
0.095366
0.095267
0.095170
0.095175
0.095077
0.094980
0.094882
0.094785
0.094791
0.094796
0.094801
0.094908
0.094914
0.094919
0.094924
0.094828
0.094732
0.094737
0.094641
0.094747
0.094753
0.094657
0.094763
0.094668
0.094573
0.094478
0.094383
0.094289
0.094294
0.094200
0.091000
0.050000
0.066667
0.050000
0.040000
0.033333
0.042857
0.037500
0.033333
0.030000
0.036364
0.050000
0.053846
0.057143
0.060000
0.062500
0.082353
0.077778
0.073684
0.070000
0.076190
0.072727
0.069565
0.075000
0.072000
0.073077
0.070370
0.075000
0.079310
0.083333
0.087097
0.090625
0.090909
0.088235
0.085714
0.091667
0.089189
0.092105
0.092308
0.092500
0.090244
0.092857
0.093023
0.095455
0.093333
0.095652
0.093617
0.091667
0.093878
0.094000
0.096078
0.094231
0.092453
0.094444
0.094545
0.096429
0.098246
0.100000
0.098305
0.096667
0.095082
0.093548
0.093651
0.095312
0.093846
0.093939
0.095522
0.094118
0.095652
0.095714
0.094366
0.094444
0.094521
0.095946
0.094667
0.094737
0.094805
0.093590
0.093671
0.095000
0.096296
0.096341
0.096386
0.095238
0.094118
0.094186
0.093103
0.093182
0.093258
0.092222
0.092308
0.092391
0.091398
0.090426
0.090526
0.091667
0.090722
0.091837
0.091919
0.091000
0.091089
0.090196
0.090291
0.089423
0.089524
0.091509
0.093458
0.095370
0.096330
0.096364
0.096396
0.095536
0.094690
0.096491
0.095652
0.094828
0.094017
0.093220
0.092437
0.092500
0.092562
0.092623
0.094309
0.094355
0.094400
0.093651
0.093701
0.093750
0.093798
0.093846
0.093893
0.094697
0.096992
0.096269
0.095556
0.094853
0.094161
0.094928
0.094245
0.093571
0.094326
0.094366
0.095105
0.095833
0.095172
0.094521
0.094558
0.095270
0.096644
0.096000
0.095364
0.095395
0.094771
0.094805
0.095484
0.094872
0.096178
0.095570
0.094969
0.095625
0.096273
0.095679
0.095092
0.095732
0.095152
0.095181
0.095210
0.095238
0.095266
0.095882
0.095906
0.095349
0.095376
0.095402
0.095429
0.096023
0.096045
0.096067
0.096648
0.096111
0.096133
0.096154
0.095628
0.095109
0.094595
0.094624
0.095187
0.095745
0.095767
0.095263
0.095812
0.095312
0.095337
0.094845
0.094872
0.094898
0.095431
0.094949
0.094472
0.094500
0.094527
0.094554
0.094581
0.094608
0.094146
0.093689
0.093237
0.093269
0.093301
0.092857
0.092891
0.093396
0.093427
0.092991
0.093023
0.093981
0.093548
0.093119
0.092694
0.092727
0.092308
0.091892
0.091480
0.091518
0.092000
0.092478
0.092070
0.092982
0.094323
0.093913
0.093506
0.093103
0.093562
0.093590
0.093191
0.093644
0.093249
0.092857
0.093305
0.094167
0.094191
0.094215
0.094650
0.094262
0.094694
0.094309
0.094332
0.093952
0.094378
0.094000
0.094024
0.094048
0.093676
0.093307
0.093725
0.094141
0.094163
0.094186
0.094208
0.094231
0.094253
0.094656
0.095057
0.095076
0.094717
0.094737
0.094382
0.094030
0.094796
0.094444
0.094096
0.094118
0.093773
0.094161
0.093818
0.093841
0.093863
0.093885
0.093907
0.093929
0.093594
0.094681
0.094700
0.095070
0.095439
0.095804
0.096167
0.095833
0.095848
0.095862
0.095876
0.095890
0.095904
0.095578
0.095593
0.095946
0.095960
0.095973
0.095652
0.095667
0.095349
0.095033
0.095050
0.094737
0.094426
0.094444
0.094463
0.094481
0.094175
0.093871
0.093891
0.094231
0.093930
0.093949
0.093968
0.093987
0.094006
0.093711
0.093730
0.093750
0.093458
0.093478
0.093498
0.093827
0.093538
0.093558
0.093578
0.093293
0.093009
0.093030
0.092749
0.093072
0.092793
0.092515
0.092537
0.092262
0.091988
0.092012
0.092035
0.091765
0.091789
0.091520
0.091254
0.091279
0.091304
0.091619
0.091931
0.091954
0.091691
0.091714
0.091453
0.091193
0.090935
0.090678
0.090704
0.090730
0.090476
0.090503
0.090251
0.090278
0.090028
0.090331
0.090083
0.090385
0.090411
0.090437
0.090736
0.090761
0.090786
0.090541
0.090836
0.091398
0.091957
0.091711
0.092000
0.091755
0.092573
0.092857
0.092876
0.093421
0.093438
0.093979
0.094256
0.094271
0.094026
0.094560
0.094315
0.094072
0.093830
0.093590
0.093606
0.094388
0.094656
0.094416
0.094684
0.094444
0.095214
0.095226
0.095489
0.095500
0.095511
0.095522
0.095533
0.095297
0.095309
0.095567
0.096069
0.096324
0.096577
0.096341
0.096107
0.095874
0.095884
0.096135
0.096145
0.095913
0.096403
0.096411
0.096420
0.096190
0.096200
0.096209
0.096690
0.096462
0.096471
0.096948
0.097190
0.096963
0.096737
0.096744
0.096520
0.096296
0.096305
0.096313
0.096782
0.096560
0.096568
0.096575
0.096583
0.096364
0.096372
0.096380
0.096614
0.096396
0.096404
0.096413
0.096197
0.095982
0.095768
0.096000
0.095787
0.095796
0.095585
0.095815
0.096703
0.096491
0.096280
0.096070
0.096078
0.096087
0.096095
0.096104
0.096544
0.096336
0.096344
0.096137
0.096146
0.096154
0.095949
0.095957
0.095754
0.095975
0.095772
0.095570
0.095789
0.095798
0.095597
0.095397
0.095407
0.095208
0.095010
0.095228
0.095031
0.095041
0.095052
0.094856
0.095072
0.095287
0.095297
0.095102
0.095112
0.095325
0.095740
0.095547
0.095556
0.095363
0.095573
0.095582
0.095792
0.096000
0.096008
0.096016
0.096223
0.096032
0.096040
0.095850
0.096055
0.096063
0.096464
0.096471
0.096477
0.096289
0.096296
0.096693
0.096699
0.096705
0.096518
0.096332
0.096339
0.096154
0.095969
0.095785
0.095794
0.095802
0.095619
0.095817
0.095825
0.095833
0.095841
0.096038
0.095857
0.095677
0.095685
0.096067
0.096075
0.096269
0.096276
0.096283
0.096104
0.096111
0.095933
0.096125
0.095948
0.095956
0.096330
0.096154
0.096344
0.096350
0.096357
0.096909
0.096733
0.096739
0.096564
0.096390
0.096216
0.096223
0.096050
0.095878
0.095707
0.095714
0.096078
0.096085
0.096092
0.096277
0.096283
0.096290
0.096473
0.096303
0.096134
0.095965
0.095972
0.096329
0.096335
0.096167
0.096174
0.096007
0.096014
0.096021
0.096028
0.096034
0.096041
0.095876
0.095883
0.095890
0.095726
0.095734
0.096082
0.095918
0.095756
0.096102
0.096277
0.096115
0.096121
0.095960
0.095966
0.095805
0.096147
0.096154
0.095993
0.095833
0.095674
0.095681
0.095522
0.095861
0.095868
0.095875
0.095881
0.096053
0.096059
0.096066
0.096236
0.096242
0.096248
0.096254
0.096098
0.096104
0.095948
0.095955
0.095800
0.095645
0.095491
0.095981
0.096148
0.096154
0.096160
0.096166
0.096172
0.096019
0.095866
0.095714
0.095880
0.095728
0.095893
0.095899
0.096063
0.095912
0.095761
0.095611
0.095462
0.095469
0.095320
0.095483
0.095801
0.095652
0.095504
0.095356
0.095518
0.095525
0.095378
0.095385
0.095545
0.095552
0.095406
0.095413
0.095267
0.095122
0.094977
0.094833
0.094689
0.094848
0.094705
0.094713
0.094721
0.094880
0.094887
0.094895
0.094753
0.094611
0.094768
0.094627
0.094486
0.094494
0.094651
0.094659
0.094667
0.094527
0.094387
0.094248
0.094256
0.094412
0.094273
0.094282
0.094290
0.094444
0.094745
0.094606
0.094469
0.094331
0.094194
0.094058
0.094067
0.094075
0.094228
0.094524
0.094532
0.094684
0.094692
0.094842
0.094993
0.095000
0.094864
0.094729
0.094595
0.094460
0.094610
0.094618
0.094484
0.094492
0.094499
0.094366
0.094233
0.094101
0.094109
0.094258
0.094545
0.094693
0.094700
0.094568
0.094437
0.094444
0.094452
0.094598
0.094606
0.094751
0.094759
0.094766
0.094773
0.094643
0.094650
0.094521
0.094391
0.094399
0.094270
0.094142
0.094422
0.094293
0.094301
0.094309
0.094181
0.094054
0.093927
0.093935
0.094078
0.094086
0.094094
0.093968
0.093842
0.093984
0.093992
0.094267
0.094141
0.094282
0.094290
0.094164
0.094040
0.093915
0.093791
0.093799
0.093676
0.093684
0.093824
0.093701
0.093709
0.093717
0.093856
0.093864
0.093872
0.093880
0.093888
0.093766
0.094034
0.094041
0.094049
0.094444
0.094323
0.094201
0.094337
0.094216
0.094223
0.094231
0.094238
0.094246
0.094253
0.094260
0.094268
0.094275
0.094282
0.094289
0.094170
0.094051
0.094311
0.094444
0.094451
0.094458
0.094591
0.094598
0.094605
0.094612
0.094618
0.094500
0.094507
0.094638
0.094521
0.094403
0.094534
0.094541
0.094548
0.094554
0.094561
0.094815
0.094945
0.094951
0.095203
0.095332
0.095215
0.095221
0.095349
0.095232
0.095360
0.095366
0.095250
0.095377
0.095383
0.095388
0.095636
0.095642
0.095526
0.095652
0.095537
0.095422
0.095548
0.095673
0.095678
0.095803
0.095689
0.095574
0.095938
0.095943
0.095948
0.096071
0.096076
0.095962
0.095967
0.096209
0.096095
0.095981
0.095868
0.095755
0.095642
0.095529
0.095535
0.095540
0.095545
0.095433
0.095322
0.095210
0.095099
0.095105
0.095111
0.095000
0.095006
0.094896
0.094786
0.094676
0.094682
0.094688
0.094579
0.094585
0.094476
0.094483
0.094374
0.094381
0.094616
0.094622
0.094514
0.094521
0.094413
0.094305
0.094312
0.094545
0.094665
0.094785
0.094677
0.094570
0.094689
0.094808
0.094814
0.094707
0.094713
0.094944
0.094837
0.094955
0.094849
0.094966
0.094860
0.094866
0.095206
0.095323
0.095328
0.095222
0.095339
0.095344
0.095460
0.095465
0.095470
0.095585
0.095590
0.095705
0.095930
0.095934
0.095829
0.095943
0.095947
0.095952
0.095956
0.095852
0.095965
0.096078
0.095974
0.095870
0.095983
0.095987
0.095991
0.096104
0.096108
0.096112
0.096117
0.096013
0.096233
0.096129
0.096026
0.096137
0.096249
0.096146
0.096043
0.095940
0.096051
0.096055
0.095953
0.095851
0.095749
0.095754
0.095652
0.095657
0.095661
0.095560
0.095671
0.095570
0.095785
0.095789
0.095794
0.095798
0.095803
0.095807
0.095707
0.095607
0.095507
0.095616
0.095620
0.095521
0.095421
0.095530
0.095431
0.095436
0.095440
0.095342
0.095346
0.095351
0.095459
0.095464
0.095366
0.095267
0.095170
0.095175
0.095077
0.094980
0.094882
0.094785
0.094791
0.094796
0.094801
0.094908
0.094914
0.094919
0.094924
0.094828
0.094732
0.094737
0.094641
0.094747
0.094753
0.094657
0.094763
0.094668
0.094573
0.094478
0.094383
0.094289
0.094294
0.094200
0.091000
0.050000
0.066667
0.050000
0.040000
0.033333
0.042857
0.037500
0.033333
0.030000
0.036364
0.050000
0.053846
0.057143
0.060000
0.062500
0.082353
0.077778
0.073684
0.070000
0.076190
0.072727
0.069565
0.075000
0.072000
0.073077
0.070370
0.075000
0.079310
0.083333
0.087097
0.090625
0.090909
0.088235
0.085714
0.091667
0.089189
0.092105
0.092308
0.092500
0.090244
0.092857
0.093023
0.095455
0.093333
0.095652
0.093617
0.091667
0.093878
0.094000
0.096078
0.094231
0.092453
0.094444
0.094545
0.096429
0.098246
0.100000
0.098305
0.096667
0.095082
0.093548
0.093651
0.095312
0.093846
0.093939
0.095522
0.094118
0.095652
0.095714
0.094366
0.094444
0.094521
0.095946
0.094667
0.094737
0.094805
0.093590
0.093671
0.095000
0.096296
0.096341
0.096386
0.095238
0.094118
0.094186
0.093103
0.093182
0.093258
0.092222
0.092308
0.092391
0.091398
0.090426
0.090526
0.091667
0.090722
0.091837
0.091919
0.091000
0.091089
0.090196
0.090291
0.089423
0.089524
0.091509
0.093458
0.095370
0.096330
0.096364
0.096396
0.095536
0.094690
0.096491
0.095652
0.094828
0.094017
0.093220
0.092437
0.092500
0.092562
0.092623
0.094309
0.094355
0.094400
0.093651
0.093701
0.093750
0.093798
0.093846
0.093893
0.094697
0.096992
0.096269
0.095556
0.094853
0.094161
0.094928
0.094245
0.093571
0.094326
0.094366
0.095105
0.095833
0.095172
0.094521
0.094558
0.095270
0.096644
0.096000
0.095364
0.095395
0.094771
0.094805
0.095484
0.094872
0.096178
0.095570
0.094969
0.095625
0.096273
0.095679
0.095092
0.095732
0.095152
0.095181
0.095210
0.095238
0.095266
0.095882
0.095906
0.095349
0.095376
0.095402
0.095429
0.096023
0.096045
0.096067
0.096648
0.096111
0.096133
0.096154
0.095628
0.095109
0.094595
0.094624
0.095187
0.095745
0.095767
0.095263
0.095812
0.095312
0.095337
0.094845
0.094872
0.094898
0.095431
0.094949
0.094472
0.094500
0.094527
0.094554
0.094581
0.094608
0.094146
0.093689
0.093237
0.093269
0.093301
0.092857
0.092891
0.093396
0.093427
0.092991
0.093023
0.093981
0.093548
0.093119
0.092694
0.092727
0.092308
0.091892
0.091480
0.091518
0.092000
0.092478
0.092070
0.092982
0.094323
0.093913
0.093506
0.093103
0.093562
0.093590
0.093191
0.093644
0.093249
0.092857
0.093305
0.094167
0.094191
0.094215
0.094650
0.094262
0.094694
0.094309
0.094332
0.093952
0.094378
0.094000
0.094024
0.094048
0.093676
0.093307
0.093725
0.094141
0.094163
0.094186
0.094208
0.094231
0.094253
0.094656
0.095057
0.095076
0.094717
0.094737
0.094382
0.094030
0.094796
0.094444
0.094096
0.094118
0.093773
0.094161
0.093818
0.093841
0.093863
0.093885
0.093907
0.093929
0.093594
0.094681
0.094700
0.095070
0.095439
0.095804
0.096167
0.095833
0.095848
0.095862
0.095876
0.095890
0.095904
0.095578
0.095593
0.095946
0.095960
0.095973
0.095652
0.095667
0.095349
0.095033
0.095050
0.094737
0.094426
0.094444
0.094463
0.094481
0.094175
0.093871
0.093891
0.094231
0.093930
0.093949
0.093968
0.093987
0.094006
0.093711
0.093730
0.093750
0.093458
0.093478
0.093498
0.093827
0.093538
0.093558
0.093578
0.093293
0.093009
0.093030
0.092749
0.093072
0.092793
0.092515
0.092537
0.092262
0.091988
0.092012
0.092035
0.091765
0.091789
0.091520
0.091254
0.091279
0.091304
0.091619
0.091931
0.091954
0.091691
0.091714
0.091453
0.091193
0.090935
0.090678
0.090704
0.090730
0.090476
0.090503
0.090251
0.090278
0.090028
0.090331
0.090083
0.090385
0.090411
0.090437
0.090736
0.090761
0.090786
0.090541
0.090836
0.091398
0.091957
0.091711
0.092000
0.091755
0.092573
0.092857
0.092876
0.093421
0.093438
0.093979
0.094256
0.094271
0.094026
0.094560
0.094315
0.094072
0.093830
0.093590
0.093606
0.094388
0.094656
0.094416
0.094684
0.094444
0.095214
0.095226
0.095489
0.095500
0.095511
0.095522
0.095533
0.095297
0.095309
0.095567
0.096069
0.096324
0.096577
0.096341
0.096107
0.095874
0.095884
0.096135
0.096145
0.095913
0.096403
0.096411
0.096420
0.096190
0.096200
0.096209
0.096690
0.096462
0.096471
0.096948
0.097190
0.096963
0.096737
0.096744
0.096520
0.096296
0.096305
0.096313
0.096782
0.096560
0.096568
0.096575
0.096583
0.096364
0.096372
0.096380
0.096614
0.096396
0.096404
0.096413
0.096197
0.095982
0.095768
0.096000
0.095787
0.095796
0.095585
0.095815
0.096703
0.096491
0.096280
0.096070
0.096078
0.096087
0.096095
0.096104
0.096544
0.096336
0.096344
0.096137
0.096146
0.096154
0.095949
0.095957
0.095754
0.095975
0.095772
0.095570
0.095789
0.095798
0.095597
0.095397
0.095407
0.095208
0.095010
0.095228
0.095031
0.095041
0.095052
0.094856
0.095072
0.095287
0.095297
0.095102
0.095112
0.095325
0.095740
0.095547
0.095556
0.095363
0.095573
0.095582
0.095792
0.096000
0.096008
0.096016
0.096223
0.096032
0.096040
0.095850
0.096055
0.096063
0.096464
0.096471
0.096477
0.096289
0.096296
0.096693
0.096699
0.096705
0.096518
0.096332
0.096339
0.096154
0.095969
0.095785
0.095794
0.095802
0.095619
0.095817
0.095825
0.095833
0.095841
0.096038
0.095857
0.095677
0.095685
0.096067
0.096075
0.096269
0.096276
0.096283
0.096104
0.096111
0.095933
0.096125
0.095948
0.095956
0.096330
0.096154
0.096344
0.096350
0.096357
0.096909
0.096733
0.096739
0.096564
0.096390
0.096216
0.096223
0.096050
0.095878
0.095707
0.095714
0.096078
0.096085
0.096092
0.096277
0.096283
0.096290
0.096473
0.096303
0.096134
0.095965
0.095972
0.096329
0.096335
0.096167
0.096174
0.096007
0.096014
0.096021
0.096028
0.096034
0.096041
0.095876
0.095883
0.095890
0.095726
0.095734
0.096082
0.095918
0.095756
0.096102
0.096277
0.096115
0.096121
0.095960
0.095966
0.095805
0.096147
0.096154
0.095993
0.095833
0.095674
0.095681
0.095522
0.095861
0.095868
0.095875
0.095881
0.096053
0.096059
0.096066
0.096236
0.096242
0.096248
0.096254
0.096098
0.096104
0.095948
0.095955
0.095800
0.095645
0.095491
0.095981
0.096148
0.096154
0.096160
0.096166
0.096172
0.096019
0.095866
0.095714
0.095880
0.095728
0.095893
0.095899
0.096063
0.095912
0.095761
0.095611
0.095462
0.095469
0.095320
0.095483
0.095801
0.095652
0.095504
0.095356
0.095518
0.095525
0.095378
0.095385
0.095545
0.095552
0.095406
0.095413
0.095267
0.095122
0.094977
0.094833
0.094689
0.094848
0.094705
0.094713
0.094721
0.094880
0.094887
0.094895
0.094753
0.094611
0.094768
0.094627
0.094486
0.094494
0.094651
0.094659
0.094667
0.094527
0.094387
0.094248
0.094256
0.094412
0.094273
0.094282
0.094290
0.094444
0.094745
0.094606
0.094469
0.094331
0.094194
0.094058
0.094067
0.094075
0.094228
0.094524
0.094532
0.094684
0.094692
0.094842
0.094993
0.095000
0.094864
0.094729
0.094595
0.094460
0.094610
0.094618
0.094484
0.094492
0.094499
0.094366
0.094233
0.094101
0.094109
0.094258
0.094545
0.094693
0.094700
0.094568
0.094437
0.094444
0.094452
0.094598
0.094606
0.094751
0.094759
0.094766
0.094773
0.094643
0.094650
0.094521
0.094391
0.094399
0.094270
0.094142
0.094422
0.094293
0.094301
0.094309
0.094181
0.094054
0.093927
0.093935
0.094078
0.094086
0.094094
0.093968
0.093842
0.093984
0.093992
0.094267
0.094141
0.094282
0.094290
0.094164
0.094040
0.093915
0.093791
0.093799
0.093676
0.093684
0.093824
0.093701
0.093709
0.093717
0.093856
0.093864
0.093872
0.093880
0.093888
0.093766
0.094034
0.094041
0.094049
0.094444
0.094323
0.094201
0.094337
0.094216
0.091000
0.050000
0.066667
0.050000
0.040000
0.033333
0.042857
0.037500
0.033333
0.030000
0.036364
0.050000
0.053846
0.057143
0.060000
0.062500
0.082353
0.077778
0.073684
0.070000
0.076190
0.072727
0.069565
0.075000
0.072000
0.073077
0.070370
0.075000
0.079310
0.083333
0.087097
0.090625
0.090909
0.088235
0.085714
0.091667
0.089189
0.092105
0.092308
0.092500
0.090244
0.092857
0.093023
0.095455
0.093333
0.095652
0.093617
0.091667
0.093878
0.094000
0.096078
0.094231
0.092453
0.094444
0.094545
0.096429
0.098246
0.100000
0.098305
0.096667
0.095082
0.093548
0.093651
0.095312
0.093846
0.093939
0.095522
0.094118
0.095652
0.095714
0.094366
0.094444
0.094521
0.095946
0.094667
0.094737
0.094805
0.093590
0.093671
0.095000
0.096296
0.096341
0.096386
0.095238
0.094118
0.094186
0.093103
0.093182
0.093258
0.092222
0.092308
0.092391
0.091398
0.090426
0.090526
0.091667
0.090722
0.091837
0.091919
0.091000
0.091089
0.090196
0.090291
0.089423
0.089524
0.091509
0.093458
0.095370
0.096330
0.096364
0.096396
0.095536
0.094690
0.096491
0.095652
0.094828
0.094017
0.093220
0.092437
0.092500
0.092562
0.092623
0.094309
0.094355
0.094400
0.093651
0.093701
0.093750
0.093798
0.093846
0.093893
0.094697
0.096992
0.096269
0.095556
0.094853
0.094161
0.094928
0.094245
0.093571
0.094326
0.094366
0.095105
0.095833
0.095172
0.094521
0.094558
0.095270
0.096644
0.096000
0.095364
0.095395
0.094771
0.094805
0.095484
0.094872
0.096178
0.095570
0.094969
0.095625
0.096273
0.095679
0.095092
0.095732
0.095152
0.095181
0.095210
0.095238
0.095266
0.095882
0.095906
0.095349
0.095376
0.095402
0.095429
0.096023
0.096045
0.096067
0.096648
0.096111
0.096133
0.096154
0.095628
0.095109
0.094595
0.094624
0.095187
0.095745
0.095767
0.095263
0.095812
0.095312
0.095337
0.094845
0.094872
0.094898
0.095431
0.094949
0.094472
0.094500
0.094527
0.094554
0.094581
0.094608
0.094146
0.093689
0.093237
0.093269
0.093301
0.092857
0.092891
0.093396
0.093427
0.092991
0.093023
0.093981
0.093548
0.093119
0.092694
0.092727
0.092308
0.091892
0.091480
0.091518
0.092000
0.092478
0.092070
0.092982
0.094323
0.093913
0.093506
0.093103
0.093562
0.093590
0.093191
0.093644
0.093249
0.092857
0.093305
0.094167
0.094191
0.094215
0.094650
0.094262
0.094694
0.094309
0.094332
0.093952
0.094378
0.094000
0.094024
0.094048
0.093676
0.093307
0.093725
0.094141
0.094163
0.094186
0.094208
0.094231
0.094253
0.094656
0.095057
0.095076
0.094717
0.094737
0.094382
0.094030
0.094796
0.094444
0.094096
0.094118
0.093773
0.094161
0.093818
0.093841
0.093863
0.093885
0.093907
0.093929
0.093594
0.094681
0.094700
0.095070
0.095439
0.095804
0.096167
0.095833
0.095848
0.095862
0.095876
0.095890
0.095904
0.095578
0.095593
0.095946
0.095960
0.095973
0.095652
0.095667
0.095349
0.095033
0.095050
0.094737
0.094426
0.094444
0.094463
0.094481
0.094175
0.093871
0.093891
0.094231
0.093930
0.093949
0.093968
0.093987
0.094006
0.093711
0.093730
0.093750
0.093458
0.093478
0.093498
0.093827
0.093538
0.093558
0.093578
0.093293
0.093009
0.093030
0.092749
0.093072
0.092793
0.092515
0.092537
0.092262
0.091988
0.092012
0.092035
0.091765
0.091789
0.091520
0.091254
0.091279
0.091304
0.091619
0.091931
0.091954
0.091691
0.091714
0.091453
0.091193
0.090935
0.090678
0.090704
0.090730
0.090476
0.090503
0.090251
0.090278
0.090028
0.090331
0.090083
0.090385
0.090411
0.090437
0.090736
0.090761
0.090786
0.090541
0.090836
0.091398
0.091957
0.091711
0.092000
0.091755
0.092573
0.092857
0.092876
0.093421
0.093438
0.093979
0.094256
0.094271
0.094026
0.094560
0.094315
0.094072
0.093830
0.093590
0.093606
0.094388
0.094656
0.094416
0.094684
0.094444
0.095214
0.095226
0.095489
0.095500
0.095511
0.095522
0.095533
0.095297
0.095309
0.095567
0.096069
0.096324
0.096577
0.096341
0.096107
0.095874
0.095884
0.096135
0.096145
0.095913
0.096403
0.096411
0.096420
0.096190
0.096200
0.096209
0.096690
0.096462
0.096471
0.096948
0.097190
0.096963
0.096737
0.096744
0.096520
0.096296
0.096305
0.096313
0.096782
0.096560
0.096568
0.096575
0.096583
0.096364
0.096372
0.096380
0.096614
0.096396
0.096404
0.096413
0.096197
0.095982
0.095768
0.096000
0.095787
0.095796
0.095585
0.095815
0.096703
0.096491
0.096280
0.096070
0.096078
0.096087
0.096095
0.096104
0.096544
0.096336
0.096344
0.096137
0.096146
0.096154
0.095949
0.095957
0.095754
0.095975
0.095772
0.095570
0.095789
0.095798
0.095597
0.095397
0.095407
0.095208
0.095010
0.095228
0.095031
0.095041
0.095052
0.094856
0.095072
0.095287
0.095297
0.095102
0.095112
0.095325
0.095740
0.095547
0.095556
0.095363
0.095573
0.095582
0.095792
0.096000
0.096008
0.096016
0.096223
0.096032
0.096040
0.095850
0.096055
0.096063
0.096464
0.096471
0.096477
0.096289
0.096296
0.096693
0.096699
0.096705
0.096518
0.096332
0.096339
0.096154
0.095969
0.095785
0.095794
0.095802
0.095619
0.095817
0.095825
0.095833
0.095841
0.096038
0.095857
0.095677
0.095685
0.096067
0.096075
0.096269
0.096276
0.096283
0.096104
0.096111
0.095933
0.096125
0.095948
0.095956
0.096330
0.096154
0.096344
0.096350
0.096357
0.096909
0.096733
0.096739
0.096564
0.096390
0.096216
0.096223
0.096050
0.095878
0.095707
0.095714
0.096078
0.096085
0.096092
0.096277
0.096283
0.096290
0.096473
0.096303
0.096134
0.095965
0.095972
0.096329
0.096335
0.096167
0.096174
0.096007
0.096014
0.096021
0.096028
0.096034
0.096041
0.095876
0.095883
0.095890
0.095726
0.095734
0.096082
0.095918
0.095756
0.096102
0.096277
0.096115
0.096121
0.095960
0.095966
0.095805
0.096147
0.096154
0.095993
0.095833
0.095674
0.095681
0.095522
0.095861
0.095868
0.095875
0.095881
0.096053
0.096059
0.096066
0.096236
0.096242
0.096248
0.096254
0.096098
0.096104
0.095948
0.095955
0.095800
0.095645
0.095491
0.095981
0.096148
0.096154
0.096160
0.096166
0.096172
0.096019
0.095866
0.095714
0.095880
0.095728
0.095893
0.095899
0.096063
0.095912
0.095761
0.095611
0.095462
0.095469
0.095320
0.095483
0.095801
0.095652
0.095504
0.095356
0.095518
0.095525
0.095378
0.095385
0.095545
0.095552
0.095406
0.095413
0.095267
0.095122
0.094977
0.094833
0.094689
0.094848
0.094705
0.094713
0.094721
0.094880
0.094887
0.094895
0.094753
0.094611
0.094768
0.094627
0.094486
0.094494
0.094651
0.094659
0.094667
0.094527
0.094387
0.094248
0.094256
0.094412
0.094273
0.094282
0.094290
0.094444
0.094745
0.094606
0.094469
0.094331
0.094194
0.094058
0.094067
0.094075
0.094228
0.094524
0.094532
0.094684
0.094692
0.094842
0.094993
0.095000
0.094864
0.094729
0.094595
0.094460
0.094610
0.094618
0.094484
0.094492
0.094499
0.094366
0.094233
0.094101
0.094109
0.094258
0.094545
0.094693
0.094700
0.094568
0.094437
0.094444
0.094452
0.094598
0.094606
0.094751
0.094759
0.094766
0.094773
0.094643
0.094650
0.094521
0.094391
0.094399
0.094270
0.094142
0.094422
0.094293
0.094301
0.094309
0.094181
0.094054
0.093927
0.093935
0.094078
0.094086
0.094094
0.093968
0.093842
0.093984
0.093992
0.094267
0.094141
0.094282
0.094290
0.094164
0.094040
0.093915
0.093791
0.093799
0.093676
0.093684
0.093824
0.093701
0.093709
0.093717
0.093856
0.093864
0.093872
0.093880
0.093888
0.093766
0.094034
0.094041
0.094049
0.094444
0.094323
0.094201
0.094337
0.094216
0.094223
0.094231
0.094238
0.094246
0.094253
0.094260
0.094268
0.094275
0.094282
0.094289
0.094170
0.094051
0.094311
0.094444
0.094451
0.094458
0.094591
0.094598
0.094605
0.094612
0.094618
0.094500
0.094507
0.094638
0.094521
0.094403
0.094534
0.094541
0.094548
0.094554
0.094561
0.094815
0.094945
0.094951
0.095203
0.095332
0.095215
0.095221
0.095349
0.095232
0.095360
0.095366
0.095250
0.095377
0.095383
0.095388
0.095636
0.095642
0.095526
0.095652
0.095537
0.095422
0.095548
0.095673
0.095678
0.095803
0.095689
0.095574
0.095938
0.095943
0.095948
0.096071
0.096076
0.095962
0.095967
0.096209
0.096095
0.095981
0.095868
0.095755
0.095642
0.095529
0.095535
0.095540
0.095545
0.095433
0.095322
0.095210
0.095099
0.095105
0.095111
0.095000
0.095006
0.094896
0.094786
0.094676
0.094682
0.094688
0.094579
0.094585
0.094476
0.094483
0.094374
0.094381
0.094616
0.094622
0.094514
0.094521
0.094413
0.094305
0.094312
0.094545
0.094665
0.094785
0.094677
0.094570
0.094689
0.094808
0.094814
0.094707
0.094713
0.094944
0.094837
0.094955
0.094849
0.094966
0.094860
0.094866
0.095206
0.095323
0.095328
0.095222
0.095339
0.095344
0.095460
0.095465
0.095470
0.095585
0.095590
0.095705
0.095930
0.095934
0.095829
0.095943
0.095947
0.095952
0.095956
0.095852
0.095965
0.096078
0.095974
0.095870
0.095983
0.095987
0.095991
0.096104
0.096108
0.096112
0.096117
0.096013
0.096233
0.096129
0.096026
0.096137
0.096249
0.096146
0.096043
0.095940
0.096051
0.096055
0.095953
0.095851
0.095749
0.095754
0.095652
0.095657
0.095661
0.095560
0.095671
0.095570
0.095785
0.095789
0.095794
0.095798
0.095803
0.095807
0.095707
0.095607
0.095507
0.095616
0.095620
0.095521
0.095421
0.095530
0.095431
0.095436
0.095440
0.095342
0.095346
0.095351
0.095459
0.095464
0.095366
0.095267
0.095170
0.095175
0.095077
0.094980
0.094882
0.094785
0.094791
0.094796
0.094801
0.094908
0.094914
0.094919
0.094924
0.094828
0.094732
0.094737
0.094641
0.094747
0.094753
0.094657
0.094763
0.094668
0.094573
0.094478
0.094383
0.094289
0.094294
0.094200
0.091000
nan
0.000000
0.050000
0.066667
0.050000
0.040000
0.033333
0.042857
0.037500
0.033333
0.030000
0.036364
0.050000
0.053846
0.057143
0.060000
0.062500
0.082353
0.077778
0.073684
0.070000
0.076190
0.072727
0.069565
0.075000
0.072000
0.073077
0.070370
0.075000
0.079310
0.083333
0.087097
0.090625
0.090909
0.088235
0.085714
0.091667
0.089189
0.092105
0.092308
0.092500
0.090244
0.092857
0.093023
0.095455
0.093333
0.095652
0.093617
0.091667
0.093878
0.094000
0.096078
0.094231
0.092453
0.094444
0.094545
0.096429
0.098246
0.100000
0.098305
0.096667
0.095082
0.093548
0.093651
0.095312
0.093846
0.093939
0.095522
0.094118
0.095652
0.095714
0.094366
0.094444
0.094521
0.095946
0.094667
0.094737
0.094805
0.093590
0.093671
0.095000
0.096296
0.096341
0.096386
0.095238
0.094118
0.094186
0.093103
0.093182
0.093258
0.092222
0.092308
0.092391
0.091398
0.090426
0.090526
0.091667
0.090722
0.091837
0.091919
0.091000
0.091089
0.090196
0.090291
0.089423
0.089524
0.091509
0.093458
0.095370
0.096330
0.096364
0.096396
0.095536
0.094690
0.096491
0.095652
0.094828
0.094017
0.093220
0.092437
0.092500
0.092562
0.092623
0.094309
0.094355
0.094400
0.093651
0.093701
0.093750
0.093798
0.093846
0.093893
0.094697
0.096992
0.096269
0.095556
0.094853
0.094161
0.094928
0.094245
0.093571
0.094326
0.094366
0.095105
0.095833
0.095172
0.094521
0.094558
0.095270
0.096644
0.096000
0.095364
0.095395
0.094771
0.094805
0.095484
0.094872
0.096178
0.095570
0.094969
0.095625
0.096273
0.095679
0.095092
0.095732
0.095152
0.095181
0.095210
0.095238
0.095266
0.095882
0.095906
0.095349
0.095376
0.095402
0.095429
0.096023
0.096045
0.096067
0.096648
0.096111
0.096133
0.096154
0.095628
0.095109
0.094595
0.094624
0.095187
0.095745
0.095767
0.095263
0.095812
0.095312
0.095337
0.094845
0.094872
0.094898
0.095431
0.094949
0.094472
0.094500
0.094527
0.094554
0.094581
0.094608
0.094146
0.093689
0.093237
0.093269
0.093301
0.092857
0.092891
0.093396
0.093427
0.092991
0.093023
0.093981
0.093548
0.093119
0.092694
0.092727
0.092308
0.091892
0.091480
0.091518
0.092000
0.092478
0.092070
0.092982
0.094323
0.093913
0.093506
0.093103
0.093562
0.093590
0.093191
0.093644
0.093249
0.092857
0.093305
0.094167
0.094191
0.094215
0.094650
0.094262
0.094694
0.094309
0.094332
0.093952
0.094378
0.094000
0.094024
0.094048
0.093676
0.093307
0.093725
0.094141
0.094163
0.094186
0.094208
0.094231
0.094253
0.094656
0.095057
0.095076
0.094717
0.094737
0.094382
0.094030
0.094796
0.094444
0.094096
0.094118
0.093773
0.094161
0.093818
0.093841
0.093863
0.093885
0.093907
0.093929
0.093594
0.094681
0.094700
0.095070
0.095439
0.095804
0.096167
0.095833
0.095848
0.095862
0.095876
0.095890
0.095904
0.095578
0.095593
0.095946
0.095960
0.095973
0.095652
0.095667
0.095349
0.095033
0.095050
0.094737
0.094426
0.094444
0.094463
0.094481
0.094175
0.093871
0.093891
0.094231
0.093930
0.093949
0.093968
0.093987
0.094006
0.093711
0.093730
0.093750
0.093458
0.093478
0.093498
0.093827
0.093538
0.093558
0.093578
0.093293
0.093009
0.093030
0.092749
0.093072
0.092793
0.092515
0.092537
0.092262
0.091988
0.092012
0.092035
0.091765
0.091789
0.091520
0.091254
0.091279
0.091304
0.091619
0.091931
0.091954
0.091691
0.091714
0.091453
0.091193
0.090935
0.090678
0.090704
0.090730
0.090476
0.090503
0.090251
0.090278
0.090028
0.090331
0.090083
0.090385
0.090411
0.090437
0.090736
0.090761
0.090786
0.090541
0.090836
0.091398
0.091957
0.091711
0.092000
0.091755
0.092573
0.092857
0.092876
0.093421
0.093438
0.093979
0.094256
0.094271
0.094026
0.094560
0.094315
0.094072
0.093830
0.093590
0.093606
0.094388
0.094656
0.094416
0.094684
0.094444
0.095214
0.095226
0.095489
0.095500
0.095511
0.095522
0.095533
0.095297
0.095309
0.095567
0.096069
0.096324
0.096577
0.096341
0.096107
0.095874
0.095884
0.096135
0.096145
0.095913
0.096403
0.096411
0.096420
0.096190
0.096200
0.096209
0.096690
0.096462
0.096471
0.096948
0.097190
0.096963
0.096737
0.096744
0.096520
0.096296
0.096305
0.096313
0.096782
0.096560
0.096568
0.096575
0.096583
0.096364
0.096372
0.096380
0.096614
0.096396
0.096404
0.096413
0.096197
0.095982
0.095768
0.096000
0.095787
0.095796
0.095585
0.095815
0.096703
0.096491
0.096280
0.096070
0.096078
0.096087
0.096095
0.096104
0.096544
0.096336
0.096344
0.096137
0.096146
0.096154
0.095949
0.095957
0.095754
0.095975
0.095772
0.095570
0.095789
0.095798
0.095597
0.095397
0.095407
0.095208
0.095010
0.095228
0.095031
0.095041
0.095052
0.094856
0.095072
0.095287
0.095297
0.095102
0.095112
0.095325
0.095740
0.095547
0.095556
0.095363
0.095573
0.095582
0.095792
0.096000
0.096008
0.096016
0.096223
0.096032
0.096040
0.095850
0.096055
0.096063
0.096464
0.096471
0.096477
0.096289
0.096296
0.096693
0.096699
0.096705
0.096518
0.096332
0.096339
0.096154
0.095969
0.095785
0.095794
0.095802
0.095619
0.095817
0.095825
0.095833
0.095841
0.096038
0.095857
0.095677
0.095685
0.096067
0.096075
0.096269
0.096276
0.096283
0.096104
0.096111
0.095933
0.096125
0.095948
0.095956
0.096330
0.096154
0.096344
0.096350
0.096357
0.096909
0.096733
0.096739
0.096564
0.096390
0.096216
0.096223
0.096050
0.095878
0.095707
0.095714
0.096078
0.096085
0.096092
0.096277
0.096283
0.096290
0.096473
0.096303
0.096134
0.095965
0.095972
0.096329
0.096335
0.096167
0.096174
0.096007
0.096014
0.096021
0.096028
0.096034
0.096041
0.095876
0.095883
0.095890
0.095726
0.095734
0.096082
0.095918
0.095756
0.096102
0.096277
0.096115
0.096121
0.095960
0.095966
0.095805
0.096147
0.096154
0.095993
0.095833
0.095674
0.095681
0.095522
0.095861
0.095868
0.095875
0.095881
0.096053
0.096059
0.096066
0.096236
0.096242
0.096248
0.096254
0.096098
0.096104
0.095948
0.095955
0.095800
0.095645
0.095491
0.095981
0.096148
0.096154
0.096160
0.096166
0.096172
0.096019
0.095866
0.095714
0.095880
0.095728
0.095893
0.095899
0.096063
0.095912
0.095761
0.095611
0.095462
0.095469
0.095320
0.095483
0.095801
0.095652
0.095504
0.095356
0.095518
0.095525
0.095378
0.095385
0.095545
0.095552
0.095406
0.095413
0.095267
0.095122
0.094977
0.094833
0.094689
0.094848
0.094705
0.094713
0.094721
0.094880
0.094887
0.094895
0.094753
0.094611
0.094768
0.094627
0.094486
0.094494
0.094651
0.094659
0.094667
0.094527
0.094387
0.094248
0.094256
0.094412
0.094273
0.094282
0.094290
0.094444
0.094745
0.094606
0.094469
0.094331
0.094194
0.094058
0.094067
0.094075
0.094228
0.094524
0.094532
0.094684
0.094692
0.094842
0.094993
0.095000
0.094864
0.094729
0.094595
0.094460
0.094610
0.094618
0.094484
0.094492
0.094499
0.094366
0.094233
0.094101
0.094109
0.094258
0.094545
0.094693
0.094700
0.094568
0.094437
0.094444
0.094452
0.094598
0.094606
0.094751
0.094759
0.094766
0.094773
0.094643
0.094650
0.094521
0.094391
0.094399
0.094270
0.094142
0.094422
0.094293
0.094301
0.094309
0.094181
0.094054
0.093927
0.093935
0.094078
0.094086
0.094094
0.093968
0.093842
0.093984
0.093992
0.094267
0.094141
0.094282
0.094290
0.094164
0.094040
0.093915
0.093791
0.093799
0.093676
0.093684
0.093824
0.093701
0.093709
0.093717
0.093856
0.093864
0.093872
0.093880
0.093888
0.093766
0.094034
0.094041
0.094049
0.094444
0.094323
0.094201
0.094337
0.094216
0.094223
0.094231
0.094238
0.094246
0.094253
0.094260
0.094268
0.094275
0.094282
0.094289
0.094170
0.094051
0.094311
0.094444
0.094451
0.094458
0.094591
0.094598
0.094605
0.094612
0.094618
0.094500
0.094507
0.094638
0.094521
0.094403
0.094534
0.094541
0.094548
0.094554
0.094561
0.094815
0.094945
0.094951
0.095203
0.095332
0.095215
0.095221
0.095349
0.095232
0.095360
0.095366
0.095250
0.095377
0.095383
0.095388
0.095636
0.095642
0.095526
0.095652
0.095537
0.095422
0.095548
0.095673
0.095678
0.095803
0.095689
0.095574
0.095938
0.095943
0.095948
0.096071
0.096076
0.095962
0.095967
0.096209
0.096095
0.095981
0.095868
0.095755
0.095642
0.095529
0.095535
0.095540
0.095545
0.095433
0.095322
0.095210
0.095099
0.095105
0.095111
0.095000
0.095006
0.094896
0.094786
0.094676
0.094682
0.094688
0.094579
0.094585
0.094476
0.094483
0.094374
0.094381
0.094616
0.094622
0.094514
0.094521
0.094413
0.094305
0.094312
0.094545
0.094665
0.094785
0.094677
0.094570
0.094689
0.094808
0.094814
0.094707
0.094713
0.094944
0.094837
0.094955
0.094849
0.094966
0.094860
0.094866
0.095206
0.095323
0.095328
0.095222
0.095339
0.095344
0.095460
0.095465
0.095470
0.095585
0.095590
0.095705
0.095930
0.095934
0.095829
0.095943
0.095947
0.095952
0.095956
0.095852
0.095965
0.096078
0.095974
0.095870
0.095983
0.095987
0.095991
0.096104
0.096108
0.096112
0.096117
0.096013
0.096233
0.096129
0.096026
0.096137
0.096249
0.096146
0.096043
0.095940
0.096051
0.096055
0.095953
0.095851
0.095749
0.095754
0.095652
0.095657
0.095661
0.095560
0.095671
0.095570
0.095785
0.095789
0.095794
0.095798
0.095803
0.095807
0.095707
0.095607
0.095507
0.095616
0.095620
0.095521
0.095421
0.095530
0.095431
0.095436
0.095440
0.095342
0.095346
0.095351
0.095459
0.095464
0.095366
0.095267
0.095170
0.095175
0.095077
0.094980
0.094882
0.094785
0.094791
0.094796
0.094801
0.094908
0.094914
0.094919
0.094924
0.094828
0.094732
0.094737
0.094641
0.094747
0.094753
0.094657
0.094763
0.094668
0.094573
0.094478
0.094383
0.094289
