0.107100
0.100500
0.106667
0.108750
0.110800
0.106667
0.109286
0.109750
0.108222
0.107900
0.107727
0.107583
0.106769
0.106714
0.106067
0.106437
0.106412
0.108167
0.107316
0.108150
0.107714
0.107773
0.107826
0.107708
0.107960
0.108115
0.108444
0.109250
0.109138
0.109133
0.109129
0.108438
0.108030
0.108235
0.108000
0.108611
0.108649
0.108579
0.107974
0.107700
0.107220
0.106881
0.106651
0.106795
0.106978
0.107000
0.107191
0.106979
0.106755
0.106980
0.106765
0.106712
0.106906
0.106907
0.107091
0.107125
0.107158
0.107379
0.107322
0.107217
0.107197
0.107290
0.107190
0.107109
0.106892
0.106955
0.107149
0.107206
0.107043
0.106986
0.107042
0.107111
0.107425
0.107486
0.107440
0.107526
0.107481
0.107590
0.107747
0.107538
0.107704
0.107866
0.107759
0.107560
0.107647
0.107640
0.107540
0.107432
0.107337
0.107178
0.107275
0.107348
0.107398
0.107149
0.107126
0.107219
0.107206
0.107163
0.107212
0.107100
0.107089
0.106971
0.106748
0.106952
0.106990
0.107066
0.107196
0.107130
0.107138
0.107255
0.107270
0.107375
0.107363
0.107395
0.107357
0.107440
0.107607
0.107678
0.107622
0.107650
0.107645
0.107721
0.107789
0.107839
0.107784
0.107849
0.107835
0.108000
0.107953
0.107985
0.108046
0.107917
0.107977
0.107948
0.107948
0.107985
0.108146
0.108145
0.108165
0.108207
0.108099
0.108070
0.107986
0.107993
0.107917
0.108007
0.108034
0.107993
0.107946
0.107973
0.107921
0.107921
0.107974
0.107961
0.107974
0.107859
0.107834
0.107949
0.107912
0.107925
0.107870
0.107895
0.107871
0.107896
0.107958
0.107958
0.107850
0.107839
0.107799
0.107806
0.107743
0.107727
0.107717
0.107713
0.107629
0.107676
0.107751
0.107680
0.107838
0.107828
0.107851
0.107918
0.107896
0.107821
0.107822
0.107833
0.107856
0.107888
0.107921
0.107900
0.107953
0.107958
0.107886
0.107923
0.107985
0.108015
0.108041
0.108010
0.108015
0.108105
0.108164
0.108208
0.108222
0.108230
0.108210
0.108243
0.108232
0.108274
0.108249
0.108248
0.108185
0.108217
0.108254
0.108304
0.108344
0.108324
0.108341
0.108330
0.108320
0.108309
0.108335
0.108261
0.108260
0.108259
0.108258
0.108279
0.108308
0.108298
0.108367
0.108330
0.108407
0.108362
0.108369
0.108393
0.108460
0.108449
0.108430
0.108450
0.108435
0.108442
0.108469
0.108504
0.108494
0.108529
0.108547
0.108565
0.108591
0.108573
0.108631
0.108704
0.108701
0.108722
0.108680
0.108709
0.108741
0.108719
0.108739
0.108729
0.108730
0.108708
0.108693
0.108718
0.108730
0.108686
0.108709
0.108688
0.108715
0.108660
0.108684
0.108678
0.108649
0.108713
0.108762
0.108723
0.108738
0.108754
0.108758
0.108755
0.108763
0.108732
0.108747
0.108691
0.108671
0.108694
0.108761
0.108773
0.108812
0.108806
0.108820
0.108714
0.108656
0.108647
0.108669
0.108667
0.108664
0.108672
0.108714
0.108732
0.108783
0.108837
0.108854
0.108834
0.108789
0.108793
0.108790
0.108748
0.108772
0.108776
0.108761
0.108758
0.108775
0.108792
0.108812
0.108815
0.108822
0.108804
0.108830
0.108802
0.108871
0.108869
0.108826
0.108811
0.108820
0.108855
0.108865
0.108856
0.108905
0.108918
0.108948
0.108924
0.108924
0.108898
0.108892
0.108904
0.108842
0.108818
0.108774
0.108796
0.108726
0.108774
0.108768
0.108801
0.108825
0.108814
0.108791
0.108766
0.108798
0.108816
0.108825
0.108880
0.108889
0.108886
0.108853
0.108836
0.108803
0.108806
0.108779
0.108754
0.108733
0.108694
0.108670
0.108724
0.108711
0.108720
0.108707
0.108699
0.108719
0.108747
0.108767
0.108765
0.108757
0.108747
0.108826
0.108791
0.108779
0.108753
0.108790
0.108823
0.108826
0.108813
0.108819
0.108838
0.108830
0.108852
0.108834
0.108806
0.108788
0.108745
0.108748
0.108713
0.108714
0.108712
0.108705
0.108708
0.108714
0.108707
0.108665
0.108658
0.108644
0.108625
0.108616
0.108624
0.108640
0.108609
0.108620
0.108559
0.108523
0.108490
0.108521
0.108537
0.108560
0.108553
0.108569
0.108594
0.108583
0.108562
0.108602
0.108612
0.108535
0.108567
0.108520
0.108540
0.108544
0.108535
0.108553
0.108563
0.108548
0.108586
0.108571
0.108591
0.108578
0.108569
0.108591
0.108615
0.108593
0.108585
0.108574
0.108571
0.108613
0.108598
0.108583
0.108604
0.108603
0.108619
0.108602
0.108592
0.108602
0.108634
0.108626
0.108618
0.108614
0.108606
0.108576
0.108566
0.108565
0.108559
0.108615
0.108620
0.108625
0.108630
0.108607
0.108613
0.108639
0.108642
0.108662
0.108637
0.108651
0.108654
0.108682
0.108691
0.108699
0.108720
0.108691
0.108705
0.108731
0.108752
0.108763
0.108797
0.108812
0.108823
0.108796
0.108768
0.108741
0.108721
0.108722
0.108720
0.108727
0.108682
0.108699
0.108700
0.108719
0.108691
0.108680
0.108692
0.108671
0.108649
0.108634
0.108659
0.108661
0.108660
0.108629
0.108629
0.108648
0.108675
0.108673
0.108636
0.108671
0.108679
0.108680
0.108671
0.108669
0.108637
0.108635
0.108630
0.108639
0.108579
0.108586
0.108569
0.108576
0.108577
0.108583
0.108603
0.108608
0.108594
0.108617
0.108637
0.108638
0.108631
0.108628
0.108666
0.108653
0.108667
0.108647
0.108684
0.108675
0.108701
0.108698
0.108721
0.108746
0.108715
0.108712
0.108681
0.108694
0.108722
0.108721
0.108753
0.108735
0.108781
0.108785
0.108791
0.108795
0.108804
0.108810
0.108814
0.108813
0.108779
0.108738
0.108753
0.108766
0.108757
0.108738
0.108749
0.108730
0.108727
0.108738
0.108707
0.108707
0.108694
0.108705
0.108711
0.108718
0.108719
0.108724
0.108721
0.108710
0.108686
0.108683
0.108673
0.108655
0.108666
0.108657
0.108639
0.108640
0.108622
0.108629
0.108645
0.108642
0.108638
0.108633
0.108603
0.108594
0.108593
0.108589
0.108586
0.108570
0.108554
0.108558
0.108538
0.108533
0.108513
0.108479
0.108477
0.108461
0.108470
0.108453
0.108477
0.108481
0.108469
0.108463
0.108477
0.108486
0.108480
0.108486
0.108490
0.108467
0.108469
0.108476
0.108481
0.108457
0.108442
0.108464
0.108474
0.108474
0.108434
0.108453
0.108463
0.108451
0.108455
0.108452
0.108454
0.108425
0.108429
0.108403
0.108420
0.108411
0.108403
0.108391
0.108370
0.108397
0.108370
0.108351
0.108335
0.108351
0.108349
0.108346
0.108342
0.108363
0.108360
0.108347
0.108322
0.108320
0.108304
0.108297
0.108280
0.108299
0.108325
0.108286
0.108319
0.108296
0.108289
0.108295
0.108304
0.108308
0.108316
0.108343
0.108332
0.108325
0.108334
0.108317
0.108301
0.108311
0.108292
0.108316
0.108318
0.108314
0.108322
0.108346
0.108324
0.108321
0.108344
0.108338
0.108353
0.108328
0.108322
0.108330
0.108353
0.108348
0.108358
0.108329
0.108342
0.108369
0.108383
0.108377
0.108395
0.108396
0.108382
0.108377
0.108367
0.108379
0.108351
0.108350
0.108332
0.108341
0.108351
0.108348
0.108344
0.108351
0.108336
0.108346
0.108345
0.108354
0.108365
0.108373
0.108377
0.108382
0.108376
0.108385
0.108383
0.108396
0.108412
0.108459
0.108439
0.108450
0.108443
0.108426
0.108426
0.108432
0.108423
0.108414
0.108410
0.108390
0.108374
0.108382
0.108376
0.108358
0.108348
0.108330
0.108325
0.108329
0.108338
0.108328
0.108332
0.108319
0.108323
0.108326
0.108339
0.108360
0.108353
0.108374
0.108387
0.108398
0.108384
0.108404
0.108391
0.108391
0.108377
0.108355
0.108369
0.108373
0.108374
0.108361
0.108367
0.108387
0.108406
0.108397
0.108398
0.108412
0.108430
0.108466
0.108465
0.108464
0.108461
0.108455
0.108466
0.108470
0.108457
0.108472
0.108477
0.108480
0.108458
0.108443
0.108432
0.108429
0.108406
0.108408
0.108399
0.108417
0.108414
0.108416
0.108418
0.108408
0.108419
0.108431
0.108404
0.108400
0.108376
0.108371
0.108388
0.108388
0.108364
0.108375
0.108401
0.108392
0.108405
0.108419
0.108413
0.108434
0.108426
0.108439
0.108451
0.108450
0.108452
0.108497
0.108486
0.108480
0.108488
0.108460
0.108458
0.108453
0.108470
0.108477
0.108493
0.108504
0.108495
0.108482
0.108483
0.108490
0.108495
0.108513
0.108528
0.108526
0.108538
0.108528
0.108536
0.108551
0.108559
0.108554
0.108543
0.108533
0.108542
0.108535
0.108548
0.108544
0.108546
0.108542
0.108540
0.108548
0.108548
0.108544
0.108554
0.108563
0.108580
0.108589
0.108603
0.108621
0.108614
0.108613
0.108622
0.108604
0.108619
0.108625
0.108633
0.108633
0.108644
0.108622
0.108614
0.108603
0.108607
0.108604
0.108595
0.108604
0.108609
0.108616
0.108618
0.108616
0.108614
0.108607
0.108610
0.108609
0.108600
0.108590
0.108596
0.108602
0.108592
0.108585
0.108560
0.108570
0.108570
0.108567
0.108581
0.108593
0.108595
0.108592
0.108594
0.108580
0.108588
0.108574
0.108545
0.108534
0.108523
0.108523
0.108523
0.108524
0.108522
0.108516
0.108526
0.108538
0.108535
0.108550
0.108541
0.108566
0.108560
0.108545
0.108539
0.108539
0.108543
0.108545
0.108540
0.108566
0.108571
0.108579
0.108575
0.108553
0.108568
0.108566
0.108543
0.108543
0.108572
0.108583
0.108584
0.108579
0.108575
0.108596
0.108601
0.108598
0.108605
0.108606
0.108593
0.108588
0.108584
0.108578
0.108572
0.108594
0.108583
0.108593
0.108604
0.108612
0.108618
0.108613
0.108627
0.108628
0.108651
0.108650
0.108640
0.108639
0.108626
0.108621
0.108620
0.108615
0.108608
0.108605
0.108589
0.108585
0.108583
0.108574
0.108589
0.108595
0.108592
0.108576
0.108572
0.108580
0.108578
0.108607
0.108607
0.108593
0.108608
0.108604
0.108600
0.108604
0.108613
0.108599
0.108590
0.108590
0.108585
0.108580
0.108583
0.108597
0.108608
0.108601
0.108599
0.108596
0.108605
0.108608
0.108599
0.108594
0.108609
0.108611
0.108615
0.108622
0.108619
