0.097640
0.094500
0.095667
0.095500
0.096000
0.095833
0.095000
0.094500
0.095222
0.094200
0.094182
0.094917
0.095692
0.095929
0.095667
0.095437
0.095706
0.096667
0.096105
0.096650
0.096952
0.097409
0.097304
0.097292
0.096880
0.097346
0.097370
0.097893
0.098207
0.097900
0.097645
0.097438
0.097455
0.097471
0.096914
0.096972
0.096568
0.096395
0.096821
0.096775
0.096756
0.097024
0.097209
0.097205
0.097089
0.096978
0.096894
0.096792
0.096837
0.097260
0.097392
0.097442
0.097660
0.097481
0.097855
0.097696
0.097561
0.097810
0.097966
0.097800
0.097607
0.097758
0.097619
0.097859
0.097615
0.097848
0.097761
0.097735
0.097565
0.097414
0.097535
0.097556
0.097822
0.097851
0.097613
0.097803
0.097740
0.097667
0.097722
0.097600
0.097691
0.097646
0.097518
0.097333
0.097259
0.097326
0.097287
0.097159
0.097191
0.097189
0.097275
0.097293
0.097495
0.097436
0.097453
0.097260
0.097340
0.097520
0.097576
0.097640
0.097604
0.097627
0.097408
0.097635
0.097657
0.097755
0.097804
0.097796
0.097817
0.097945
0.097847
0.097848
0.097912
0.097956
0.097922
0.097957
0.098051
0.097992
0.098076
0.098075
0.097992
0.098025
0.098008
0.098105
0.098080
0.098087
0.098134
0.098242
0.098233
0.098300
0.098336
0.098341
0.098338
0.098396
0.098593
0.098654
0.098730
0.098652
0.098604
0.098671
0.098624
0.098514
0.098531
0.098465
0.098428
0.098507
0.098701
0.098730
0.098651
0.098660
0.098662
0.098711
0.098680
0.098740
0.098671
0.098551
0.098484
0.098525
0.098478
0.098544
0.098491
0.098500
0.098466
0.098555
0.098558
0.098705
0.098587
0.098583
0.098574
0.098547
0.098497
0.098628
0.098665
0.098690
0.098680
0.098756
0.098802
0.098775
0.098832
0.098783
0.098801
0.098879
0.098896
0.098804
0.098751
0.098737
0.098754
0.098697
0.098778
0.098784
0.098880
0.098859
0.098829
0.098794
0.098764
0.098770
0.098792
0.098758
0.098809
0.098800
0.098886
0.098960
0.098916
0.098907
0.098902
0.098971
0.098995
0.098990
0.098928
0.098848
0.098782
0.098797
0.098793
0.098794
0.098740
0.098787
0.098862
0.098830
0.098795
0.098800
0.098796
0.098788
0.098789
0.098781
0.098760
0.098748
0.098736
0.098750
0.098699
0.098665
0.098662
0.098681
0.098708
0.098701
0.098728
0.098771
0.098734
0.098739
0.098745
0.098750
0.098739
0.098686
0.098700
0.098660
0.098624
0.098622
0.098636
0.098532
0.098522
0.098572
0.098582
0.098540
0.098494
0.098492
0.098565
0.098574
0.098549
0.098531
0.098541
0.098508
0.098521
0.098504
0.098513
0.098470
0.098475
0.098436
0.098404
0.098384
0.098379
0.098426
0.098384
0.098335
0.098370
0.098288
0.098269
0.098181
0.098173
0.098205
0.098233
0.098211
0.098246
0.098252
0.098208
0.098229
0.098211
0.098224
0.098195
0.098194
0.098218
0.098148
0.098158
0.098178
0.098198
0.098136
0.098119
0.098152
0.098141
0.098148
0.098234
0.098280
0.098259
0.098225
0.098228
0.098250
0.098203
0.098239
0.098248
0.098256
0.098262
0.098297
0.098338
0.098314
0.098351
0.098347
0.098321
0.098320
0.098322
0.098368
0.098411
0.098400
0.098393
0.098404
0.098390
0.098395
0.098483
0.098445
0.098431
0.098436
0.098456
0.098461
0.098495
0.098503
0.098526
0.098524
0.098528
0.098539
0.098501
0.098473
0.098404
0.098362
0.098364
0.098366
0.098367
0.098355
0.098348
0.098355
0.098360
0.098388
0.098410
0.098400
0.098356
0.098389
0.098368
0.098415
0.098383
0.098343
0.098305
0.098321
0.098279
0.098247
0.098271
0.098273
0.098314
0.098316
0.098337
0.098317
0.098338
0.098337
0.098306
0.098265
0.098251
0.098239
0.098252
0.098243
0.098248
0.098226
0.098223
0.098225
0.098266
0.098224
0.098213
0.098272
0.098227
0.098232
0.098216
0.098176
0.098152
0.098116
0.098147
0.098167
0.098156
0.098186
0.098196
0.098223
0.098238
0.098242
0.098229
0.098294
0.098286
0.098305
0.098262
0.098284
0.098303
0.098329
0.098321
0.098335
0.098346
0.098375
0.098386
0.098361
0.098341
0.098350
0.098337
0.098357
0.098347
0.098305
0.098285
0.098311
0.098301
0.098307
0.098290
0.098246
0.098241
0.098267
0.098334
0.098343
0.098328
0.098341
0.098336
0.098314
0.098316
0.098278
0.098277
0.098276
0.098283
0.098268
0.098297
0.098317
0.098287
0.098295
0.098295
0.098321
0.098330
0.098322
0.098353
0.098332
0.098345
0.098364
0.098383
0.098369
0.098364
0.098347
0.098327
0.098348
0.098347
0.098368
0.098416
0.098445
0.098412
0.098452
0.098414
0.098424
0.098434
0.098472
0.098469
0.098513
0.098514
0.098485
0.098465
0.098502
0.098488
0.098504
0.098507
0.098519
0.098514
0.098485
0.098491
0.098506
0.098543
0.098569
0.098561
0.098568
0.098588
0.098593
0.098598
0.098580
0.098536
0.098553
0.098560
0.098531
0.098548
0.098512
0.098533
0.098538
0.098531
0.098510
0.098491
0.098514
0.098519
0.098526
0.098537
0.098508
0.098547
0.098587
0.098606
0.098626
0.098675
0.098673
0.098672
0.098692
0.098697
0.098676
0.098686
0.098685
0.098676
0.098653
0.098683
0.098653
0.098661
0.098658
0.098678
0.098713
0.098740
0.098742
0.098760
0.098732
0.098721
0.098701
0.098699
0.098715
0.098714
0.098688
0.098700
0.098753
0.098764
0.098759
0.098754
0.098775
0.098811
0.098796
0.098811
0.098816
0.098808
0.098809
0.098839
0.098861
0.098865
0.098889
0.098913
0.098916
0.098907
0.098913
0.098917
0.098915
0.098917
0.098897
0.098905
0.098876
0.098878
0.098868
0.098824
0.098840
0.098824
0.098807
0.098809
0.098786
0.098783
0.098776
0.098757
0.098742
0.098743
0.098767
0.098761
0.098789
0.098757
0.098753
0.098763
0.098791
0.098762
0.098791
0.098771
0.098763
0.098803
0.098800
0.098822
0.098819
0.098814
0.098798
0.098796
0.098795
0.098790
0.098799
0.098801
0.098803
0.098795
0.098804
0.098784
0.098776
0.098793
0.098792
0.098772
0.098754
0.098740
0.098697
0.098729
0.098728
0.098753
0.098740
0.098713
0.098736
0.098756
0.098758
0.098777
0.098746
0.098719
0.098724
0.098726
0.098741
0.098725
0.098705
0.098696
0.098698
0.098693
0.098670
0.098701
0.098695
0.098681
0.098701
0.098706
0.098737
0.098707
0.098701
0.098681
0.098672
0.098688
0.098679
0.098678
0.098676
0.098678
0.098683
0.098652
0.098620
0.098610
0.098612
0.098629
0.098621
0.098634
0.098622
0.098607
0.098603
0.098584
0.098561
0.098557
0.098554
0.098545
0.098558
0.098531
0.098553
0.098566
0.098583
0.098579
0.098580
0.098555
0.098538
0.098543
0.098539
0.098544
0.098545
0.098543
0.098524
0.098534
0.098512
0.098520
0.098518
0.098542
0.098547
0.098545
0.098555
0.098543
0.098581
0.098587
0.098591
0.098592
0.098615
0.098604
0.098602
0.098597
0.098600
0.098615
0.098606
0.098615
0.098605
0.098623
0.098633
0.098617
0.098622
0.098605
0.098620
0.098607
0.098593
0.098618
0.098628
0.098646
0.098643
0.098627
0.098637
0.098642
0.098614
0.098622
0.098631
0.098629
0.098612
0.098623
0.098644
0.098643
0.098641
0.098665
0.098696
0.098684
0.098694
0.098709
0.098683
0.098694
0.098691
0.098668
0.098675
0.098673
0.098672
0.098664
0.098667
0.098673
0.098658
0.098655
0.098665
0.098668
0.098658
0.098664
0.098653
0.098656
0.098653
0.098656
0.098660
0.098672
0.098677
0.098670
0.098678
0.098680
0.098679
0.098694
0.098692
0.098698
0.098699
0.098707
0.098696
0.098690
0.098669
0.098687
0.098674
0.098669
0.098671
0.098687
0.098702
0.098704
0.098733
0.098735
0.098726
0.098754
0.098758
0.098762
0.098760
0.098756
0.098760
0.098745
0.098755
0.098761
0.098764
0.098792
0.098825
0.098836
0.098821
0.098825
0.098825
0.098824
0.098833
0.098841
0.098835
0.098848
0.098849
0.098856
0.098853
0.098855
0.098847
0.098851
0.098838
0.098835
0.098837
0.098828
0.098837
0.098842
0.098843
0.098834
0.098845
0.098837
0.098833
0.098835
0.098839
0.098828
0.098801
0.098800
0.098790
0.098776
0.098780
0.098795
0.098797
0.098795
0.098784
0.098775
0.098757
0.098774
0.098778
0.098793
0.098811
0.098834
0.098845
0.098850
0.098838
0.098837
0.098844
0.098848
0.098859
0.098857
0.098863
0.098856
0.098847
0.098841
0.098846
0.098854
0.098850
0.098844
0.098848
0.098853
0.098860
0.098852
0.098846
0.098847
0.098845
0.098845
0.098838
0.098841
0.098841
0.098843
0.098838
0.098859
0.098877
0.098876
0.098856
0.098870
0.098853
0.098845
0.098856
0.098872
0.098863
0.098856
0.098852
0.098854
0.098855
0.098855
0.098851
0.098855
0.098853
0.098856
0.098865
0.098872
0.098873
0.098874
0.098880
0.098889
0.098900
0.098892
0.098902
0.098906
0.098907
0.098909
0.098906
0.098905
0.098895
0.098899
0.098890
0.098894
0.098903
0.098897
0.098905
0.098937
0.098945
0.098925
0.098924
0.098920
0.098901
0.098899
0.098899
0.098892
0.098882
0.098893
0.098883
0.098886
0.098897
0.098904
0.098907
0.098935
0.098929
0.098923
0.098941
0.098919
0.098898
0.098894
0.098902
0.098913
0.098915
0.098917
0.098915
0.098932
0.098925
0.098915
0.098915
0.098917
0.098933
0.098959
0.098976
0.099006
0.099013
0.099020
0.099023
0.099025
0.099024
0.099017
0.099014
0.099001
0.099001
0.098988
0.098986
0.098974
0.098981
0.098990
0.098985
0.098998
0.099014
0.099022
0.099012
0.099013
0.099009
0.099041
0.099043
0.099058
0.099056
0.099071
0.099064
0.099049
0.099059
0.099067
0.099070
0.099073
0.099077
0.099065
0.099039
0.099033
0.099034
0.099028
0.099050
0.099053
0.099052
0.099046
0.099042
0.099063
0.099059
0.099069
0.099083
0.099083
0.099084
0.099085
0.099085
0.099080
0.099066
0.099059
0.099074
0.099072
0.099065
0.099065
0.099062
0.099047
0.099029
0.099025
0.099034
0.099029
0.099044
0.099048
0.099049
0.099062
0.099068
0.099064
0.099066
