0
12.1825
7.38906
1.64872
0.135335
0.00408677
4.53999e-005
1.85539e-007
2.78947e-010
1.54281e-013
3.13913e-017
0



1
12.4222
7.67607
1.72439
0.141898
0.00428884
4.76606e-005
1.94802e-007
2.92886e-010
1.61994e-013
3.29609e-017
0



2
12.6595
7.97366
1.80352
0.148778
0.0045009
5.00339e-005
2.04528e-007
3.07523e-010
1.70092e-013
3.46089e-017
0



3
12.8938
8.28216
1.88625
0.155992
0.00472344
5.25254e-005
2.14739e-007
3.2289e-010
1.78594e-013
3.63394e-017
0



4
13.1243
8.60196
1.97277
0.163555
0.00495699
5.51409e-005
2.25459e-007
3.39026e-010
1.87522e-013
3.81564e-017
0



5
13.3505
8.93342
2.06323
0.171485
0.00520208
5.78867e-005
2.36715e-007
3.55968e-010
1.96897e-013
4.00642e-017
0



6
13.5713
9.27693
2.15781
0.1798
0.00545929
6.07692e-005
2.48533e-007
3.73756e-010
2.06739e-013
4.20674e-017
0



7
13.786
9.63288
2.25671
0.188517
0.00572922
6.37953e-005
2.60941e-007
3.92434e-010
2.17074e-013
4.41708e-017
0



8
13.9937
10.0017
2.36012
0.197656
0.00601249
6.6972e-005
2.73969e-007
4.12045e-010
2.27926e-013
4.63793e-017
0



9
14.1933
10.3838
2.46825
0.207238
0.00630976
7.03069e-005
2.87647e-007
4.32635e-010
2.3932e-013
4.86983e-017
0



10
14.3838
10.7795
2.5813
0.217284
0.00662174
7.38078e-005
3.02007e-007
4.54255e-010
2.51283e-013
5.11332e-017
0



11
14.564
11.1895
2.6995
0.227818
0.00694913
7.74831e-005
3.17085e-007
4.76955e-010
2.63845e-013
5.36898e-017
0



12
14.7327
11.614
2.82308
0.238861
0.00729271
8.13414e-005
3.32915e-007
5.0079e-010
2.77035e-013
5.63743e-017
0



13
14.8886
12.0535
2.95229
0.250439
0.00765328
8.53919e-005
3.49536e-007
5.25816e-010
2.90883e-013
5.9193e-017
0



14
15.0304
12.5086
3.08739
0.262579
0.00803168
8.9644e-005
3.66987e-007
5.52092e-010
3.05425e-013
6.21527e-017
0



15
15.1565
12.9796
3.22863
0.275306
0.00842878
9.41078e-005
3.85308e-007
5.79681e-010
3.20693e-013
6.52603e-017
0



16
15.2653
13.4672
3.37629
0.28865
0.00884551
9.87939e-005
4.04545e-007
6.08649e-010
3.36724e-013
6.85233e-017
0



17
15.3552
13.9717
3.53067
0.30264
0.00928285
0.000103713
4.24742e-007
6.39065e-010
3.53557e-013
7.19495e-017
0



18
15.4244
14.4938
3.69208
0.317308
0.00974181
0.000108878
4.45947e-007
6.71001e-010
3.71231e-013
7.5547e-017
0



19
15.4709
15.0339
3.86081
0.332686
0.0102235
0.000114299
4.68211e-007
7.04532e-010
3.89789e-013
7.93243e-017
0



20
15.4928
15.5925
4.03722
0.34881
0.0107289
0.000119991
4.91586e-007
7.39739e-010
4.09274e-013
8.32905e-017
0



21
15.4878
16.1703
4.22164
0.365714
0.0112594
0.000125966
5.16128e-007
7.76706e-010
4.29734e-013
8.74551e-017
0



22
15.4537
16.7677
4.41444
0.383436
0.011816
0.000132238
5.41896e-007
8.15519e-010
4.51216e-013
9.18278e-017
0



23
15.388
17.3854
4.61599
0.402017
0.0124002
0.000138823
5.6895e-007
8.56273e-010
4.73773e-013
9.64192e-017
0



24
15.2881
18.0238
4.82669
0.421498
0.0130133
0.000145736
5.97354e-007
8.99063e-010
4.97456e-013
1.0124e-016
0



25
15.1513
18.6837
5.04694
0.441922
0.0136567
0.000152993
6.27177e-007
9.43991e-010
5.22324e-013
1.06302e-016
0



26
14.9747
19.3655
5.2772
0.463336
0.0143318
0.000160611
6.58489e-007
9.91164e-010
5.48435e-013
1.11617e-016
0



27
14.7552
20.0699
5.51789
0.485786
0.0150404
0.000168609
6.91364e-007
1.0407e-009
5.75851e-013
1.17198e-016
0



28
14.4894
20.7975
5.76949
0.509323
0.015784
0.000177005
7.2588e-007
1.0927e-009
6.04638e-013
1.23058e-016
0



29
14.174
21.5489
6.0325
0.534
0.0165643
0.000185819
7.62119e-007
1.14731e-009
6.34864e-013
1.29211e-016
0



30
13.8053
22.3248
6.30743
0.559872
0.0173833
0.000195072
8.00168e-007
1.20464e-009
6.666e-013
1.35672e-016
0



31
13.3793
23.1256
6.59481
0.586996
0.0182427
0.000204785
8.40116e-007
1.26484e-009
6.99924e-013
1.42455e-016
0



32
12.892
23.9522
6.8952
0.615434
0.0191446
0.000214982
8.82059e-007
1.32805e-009
7.34913e-013
1.49578e-016
0



33
12.339
24.805
7.20918
0.645249
0.0200911
0.000225687
9.26095e-007
1.39441e-009
7.71651e-013
1.57057e-016
0



34
11.7157
25.6848
7.53738
0.676506
0.0210843
0.000236925
9.7233e-007
1.46409e-009
8.10225e-013
1.6491e-016
0



35
11.0172
26.5922
7.88042
0.709277
0.0221267
0.000248723
1.02087e-006
1.53726e-009
8.50728e-013
1.73155e-016
0



36
10.2385
27.5278
8.23898
0.743635
0.0232206
0.000261108
1.07184e-006
1.61408e-009
8.93256e-013
1.81813e-016
0



37
9.37402
28.4922
8.61375
0.779656
0.0243686
0.00027411
1.12535e-006
1.69474e-009
9.3791e-013
1.90903e-016
0



38
8.41811
29.4861
9.00545
0.81742
0.0255733
0.000287759
1.18153e-006
1.77943e-009
9.84796e-013
2.00449e-016
0



39
7.36471
30.5102
9.41486
0.857012
0.0268376
0.000302088
1.24052e-006
1.86835e-009
1.03403e-012
2.10471e-016
0



40
6.20743
31.5649
9.84275
0.898521
0.0281643
0.00031713
1.30245e-006
1.96171e-009
1.08572e-012
2.20995e-016
0



41
4.93956
32.6511
10.29
0.942039
0.0295567
0.000332922
1.36748e-006
2.05975e-009
1.13999e-012
2.32044e-016
0



42
3.55398
33.7691
10.7574
0.987663
0.0310179
0.0003495
1.43575e-006
2.16268e-009
1.19698e-012
2.43647e-016
0



43
2.04323
34.9197
11.2458
1.0355
0.0325513
0.000366903
1.50743e-006
2.27075e-009
1.25682e-012
2.55829e-016
0



44
0.399403
36.1034
11.7564
1.08564
0.0341605
0.000385173
1.58269e-006
2.38422e-009
1.31964e-012
2.6862e-016
0



45
-1.3858
37.3207
12.2899
1.13822
0.0358493
0.000404352
1.6617e-006
2.50337e-009
1.38561e-012
2.82051e-016
0



46
-3.32112
38.5723
12.8475
1.19334
0.0376215
0.000424487
1.74466e-006
2.62847e-009
1.45488e-012
2.96154e-016
0



47
-5.41579
39.8585
13.4302
1.25112
0.0394814
0.000445624
1.83176e-006
2.75982e-009
1.52761e-012
3.10962e-016
0



48
-7.67951
41.1799
14.0391
1.3117
0.0414332
0.000467813
1.92321e-006
2.89773e-009
1.60397e-012
3.2651e-016
0



49
-10.1225
42.537
14.6755
1.37522
0.0434815
0.000491108
2.01923e-006
3.04254e-009
1.68416e-012
3.42835e-016
0



50
-12.7555
43.9301
15.3405
1.4418
0.045631
0.000515562
2.12004e-006
3.19458e-009
1.76835e-012
3.59977e-016
0



51
-15.5897
45.3595
16.0355
1.51161
0.0478867
0.000541234
2.22588e-006
3.35422e-009
1.85675e-012
3.77976e-016
0



52
-18.6372
46.8257
16.7617
1.5848
0.050254
0.000568185
2.33701e-006
3.52184e-009
1.94956e-012
3.96875e-016
0



53
-21.9103
48.3289
17.5205
1.66153
0.0527383
0.000596477
2.45368e-006
3.69784e-009
2.04702e-012
4.16718e-016
0



54
-25.4223
49.8694
18.3134
1.74196
0.0553454
0.000626178
2.57618e-006
3.88263e-009
2.14935e-012
4.37554e-016
0



55
-29.1869
51.4472
19.142
1.8263
0.0580814
0.000657358
2.7048e-006
4.07665e-009
2.2568e-012
4.59432e-016
0



56
-33.2186
53.0624
20.0078
1.91471
0.0609526
0.000690091
2.83983e-006
4.28037e-009
2.36962e-012
4.82403e-016
0



57
-37.5326
54.7152
20.9125
2.00739
0.0639657
0.000724454
2.98161e-006
4.49427e-009
2.48807e-012
5.06524e-016
0



58
-42.145
56.4053
21.8577
2.10457
0.0671278
0.000760527
3.13047e-006
4.71886e-009
2.61245e-012
5.3185e-016
0



59
-47.0726
58.1327
22.8454
2.20644
0.0704461
0.000798397
3.28675e-006
4.95467e-009
2.74305e-012
5.58442e-016
0



60
-52.3328
59.897
23.8773
2.31324
0.0739285
0.000838153
3.45084e-006
5.20227e-009
2.88017e-012
5.86364e-016
0



61
-57.9443
61.698
24.9555
2.4252
0.077583
0.000879888
3.62313e-006
5.46224e-009
3.02415e-012
6.15683e-016
0



62
-63.9264
63.5351
26.082
2.54258
0.0814182
0.000923701
3.80401e-006
5.7352e-009
3.17533e-012
6.46467e-016
0



63
-70.2995
65.4078
27.259
2.66564
0.0854429
0.000969696
3.99392e-006
6.0218e-009
3.33406e-012
6.7879e-016
0



64
-77.0849
67.3152
28.4887
2.79465
0.0896666
0.00101798
4.19332e-006
6.32272e-009
3.50073e-012
7.1273e-016
0



65
-84.3049
69.2566
29.7734
2.9299
0.094099
0.00106867
4.40267e-006
6.63868e-009
3.67573e-012
7.48366e-016
0



66
-91.9829
71.2307
31.1155
3.07169
0.0987505
0.00112188
4.62247e-006
6.97043e-009
3.85948e-012
7.85784e-016
0



67
-100.144
73.2365
32.5177
3.22034
0.103632
0.00117775
4.85324e-006
7.31876e-009
4.05241e-012
8.25074e-016
0



68
-108.813
75.2724
33.9826
3.37617
0.108755
0.00123639
5.09554e-006
7.6845e-009
4.25499e-012
8.66327e-016
0



69
-118.017
77.3369
35.5129
3.53954
0.114131
0.00129796
5.34993e-006
8.06851e-009
4.4677e-012
9.09644e-016
0



70
-127.785
79.4281
37.1116
3.71081
0.119772
0.00136259
5.61703e-006
8.47171e-009
4.69104e-012
9.55126e-016
0



71
-138.145
81.5439
38.7816
3.89037
0.125693
0.00143043
5.89746e-006
8.89506e-009
4.92554e-012
1.00288e-015
0



72
-149.13
83.6821
40.5262
4.0786
0.131906
0.00150166
6.19188e-006
9.33957e-009
5.17177e-012
1.05303e-015
0



73
-160.77
85.8398
42.3486
4.27593
0.138426
0.00157644
6.50101e-006
9.80629e-009
5.43031e-012
1.10568e-015
0



74
-173.101
88.0144
44.2522
4.48281
0.145268
0.00165493
6.82557e-006
1.02963e-008
5.70177e-012
1.16096e-015
0



75
-186.157
90.2025
46.2407
4.69969
0.152449
0.00173734
7.16633e-006
1.08109e-008
5.9868e-012
1.21901e-015
0



76
-199.974
92.4006
48.3177
4.92705
0.159985
0.00182385
7.52411e-006
1.13511e-008
6.28608e-012
1.27996e-015
0



77
-214.593
94.6048
50.4873
5.1654
0.167893
0.00191466
7.89975e-006
1.19183e-008
6.60032e-012
1.34396e-015
0



78
-230.053
96.8106
52.7534
5.41528
0.176192
0.00201
8.29414e-006
1.25139e-008
6.93026e-012
1.41116e-015
0



79
-246.396
99.0135
55.1203
5.67723
0.184901
0.00211009
8.70822e-006
1.31393e-008
7.27671e-012
1.48171e-015
0



80
-263.667
101.208
57.5924
5.95185
0.19404
0.00221515
9.14298e-006
1.37959e-008
7.64047e-012
1.5558e-015
0



81
-281.911
103.389
60.1745
6.23974
0.203632
0.00232545
9.59943e-006
1.44853e-008
8.02241e-012
1.63359e-015
0



82
-301.176
105.55
62.8712
6.54154
0.213697
0.00244125
1.00787e-005
1.52092e-008
8.42345e-012
1.71527e-015
0



83
-321.512
107.684
65.6877
6.85794
0.22426
0.00256281
1.05819e-005
1.59692e-008
8.84454e-012
1.80103e-015
0



84
-342.972
109.783
68.6292
7.18962
0.235344
0.00269042
1.11101e-005
1.67672e-008
9.28668e-012
1.89108e-015
0



85
-365.609
111.841
71.7011
7.53733
0.246977
0.00282438
1.16648e-005
1.76051e-008
9.75092e-012
1.98564e-015
0



86
-389.482
113.848
74.9093
7.90185
0.259185
0.00296502
1.22472e-005
1.84849e-008
1.02384e-011
2.08492e-015
0



87
-414.648
115.795
78.2597
8.28399
0.271996
0.00311266
1.28586e-005
1.94086e-008
1.07502e-011
2.18917e-015
0



88
-441.17
117.672
81.7585
8.68458
0.28544
0.00326765
1.35006e-005
2.03785e-008
1.12876e-011
2.29862e-015
0



89
-469.113
119.467
85.4122
9.10454
0.299549
0.00343035
1.41746e-005
2.13969e-008
1.18518e-011
2.41356e-015
0



90
-498.542
121.17
89.2276
9.54479
0.314354
0.00360116
1.48822e-005
2.24661e-008
1.24443e-011
2.53423e-015
0



91
-529.527
122.767
93.2117
10.0063
0.329892
0.00378048
1.56252e-005
2.35888e-008
1.30664e-011
2.66095e-015
0



92
-562.142
124.245
97.372
10.4901
0.346198
0.00396872
1.64053e-005
2.47676e-008
1.37196e-011
2.79399e-015
0



93
-596.461
125.589
101.716
10.9973
0.363309
0.00416634
1.72243e-005
2.60053e-008
1.44054e-011
2.93369e-015
0



94
-632.564
126.782
106.252
11.529
0.381266
0.00437379
1.80843e-005
2.73048e-008
1.51256e-011
3.08038e-015
0



95
-670.531
127.809
110.988
12.0864
0.400111
0.00459158
1.89871e-005
2.86693e-008
1.58817e-011
3.2344e-015
0



96
-710.448
128.65
115.933
12.6707
0.419887
0.00482021
1.9935e-005
3.0102e-008
1.66756e-011
3.39612e-015
0



97
-752.403
129.286
121.096
13.2833
0.44064
0.00506022
2.09303e-005
3.16063e-008
1.75092e-011
3.56592e-015
0



98
-796.487
129.695
126.487
13.9254
0.462419
0.00531218
2.19752e-005
3.31857e-008
1.83845e-011
3.74422e-015
0



99
-842.797
129.856
132.115
14.5986
0.485275
0.00557669
2.30723e-005
3.48441e-008
1.93035e-011
3.93143e-015
0



100
-891.429
129.743
137.991
15.3042
0.50926
0.00585438
2.42242e-005
3.65853e-008
2.02685e-011
4.128e-015
0



