12.1825 7.38906 1.64872 0.135335 0.00408677 4.53999e-005 1.85539e-007 2.78947e-010 1.54281e-013 3.13913e-017 0 

12.1873 
7.3948 
1.65023 
0.135467 
0.00409081 
4.54451e-005 
1.85724e-007 
2.79226e-010 
1.54435e-013 
3.14227e-017 
0 


12.1921 
7.40054 
1.65175 
0.135598 
0.00409486 
4.54904e-005 
1.8591e-007 
2.79505e-010 
1.5459e-013 
3.14541e-017 
0 


12.1969 
7.40629 
1.65327 
0.135729 
0.00409891 
4.55357e-005 
1.86095e-007 
2.79784e-010 
1.54744e-013 
3.14856e-017 
0 


12.2017 
7.41204 
1.65478 
0.135861 
0.00410296 
4.55811e-005 
1.86281e-007 
2.80064e-010 
1.54899e-013 
3.15171e-017 
0 


12.2065 
7.4178 
1.6563 
0.135993 
0.00410702 
4.56265e-005 
1.86467e-007 
2.80344e-010 
1.55054e-013 
3.15486e-017 
0 


12.2112 
7.42356 
1.65782 
0.136125 
0.00411108 
4.56719e-005 
1.86653e-007 
2.80624e-010 
1.55209e-013 
3.15801e-017 
0 


12.216 
7.42933 
1.65934 
0.136257 
0.00411515 
4.57174e-005 
1.8684e-007 
2.80904e-010 
1.55364e-013 
3.16117e-017 
0 


12.2208 
7.4351 
1.66087 
0.136389 
0.00411921 
4.57629e-005 
1.87026e-007 
2.81185e-010 
1.55519e-013 
3.16433e-017 
0 


12.2256 
7.44087 
1.66239 
0.136521 
0.00412329 
4.58085e-005 
1.87213e-007 
2.81466e-010 
1.55675e-013 
3.1675e-017 
0 


12.2304 
7.44665 
1.66392 
0.136654 
0.00412737 
4.58541e-005 
1.874e-007 
2.81747e-010 
1.55831e-013 
3.17067e-017 
0 


12.2352 
7.45243 
1.66544 
0.136786 
0.00413145 
4.58998e-005 
1.87587e-007 
2.82029e-010 
1.55986e-013 
3.17384e-017 
0 


12.24 
7.45822 
1.66697 
0.136919 
0.00413553 
4.59455e-005 
1.87775e-007 
2.82311e-010 
1.56142e-013 
3.17701e-017 
0 


12.2447 
7.46401 
1.6685 
0.137051 
0.00413962 
4.59912e-005 
1.87962e-007 
2.82593e-010 
1.56298e-013 
3.18019e-017 
0 


12.2495 
7.46981 
1.67003 
0.137184 
0.00414372 
4.6037e-005 
1.8815e-007 
2.82875e-010 
1.56455e-013 
3.18337e-017 
0 


12.2543 
7.47561 
1.67157 
0.137317 
0.00414781 
4.60829e-005 
1.88338e-007 
2.83158e-010 
1.56611e-013 
3.18655e-017 
0 


12.2591 
7.48141 
1.6731 
0.137451 
0.00415192 
4.61288e-005 
1.88526e-007 
2.83441e-010 
1.56768e-013 
3.18974e-017 
0 


12.2639 
7.48722 
1.67464 
0.137584 
0.00415602 
4.61747e-005 
1.88714e-007 
2.83724e-010 
1.56924e-013 
3.19293e-017 
0 


12.2686 
7.49303 
1.67617 
0.137717 
0.00416013 
4.62207e-005 
1.88902e-007 
2.84008e-010 
1.57081e-013 
3.19612e-017 
0 


12.2734 
7.49885 
1.67771 
0.137851 
0.00416424 
4.62667e-005 
1.89091e-007 
2.84292e-010 
1.57238e-013 
3.19932e-017 
0 


12.2782 
7.50467 
1.67925 
0.137985 
0.00416836 
4.63128e-005 
1.8928e-007 
2.84576e-010 
1.57396e-013 
3.20252e-017 
0 


12.283 
7.51049 
1.68079 
0.138118 
0.00417248 
4.63589e-005 
1.89469e-007 
2.8486e-010 
1.57553e-013 
3.20572e-017 
0 


12.2877 
7.51632 
1.68234 
0.138252 
0.00417661 
4.64051e-005 
1.89658e-007 
2.85145e-010 
1.5771e-013 
3.20892e-017 
0 


12.2925 
7.52216 
1.68388 
0.138386 
0.00418074 
4.64513e-005 
1.89847e-007 
2.8543e-010 
1.57868e-013 
3.21213e-017 
0 


12.2973 
7.528 
1.68543 
0.138521 
0.00418488 
4.64976e-005 
1.90037e-007 
2.85715e-010 
1.58026e-013 
3.21534e-017 
0 


12.302 
7.53384 
1.68697 
0.138655 
0.00418901 
4.65439e-005 
1.90227e-007 
2.86001e-010 
1.58184e-013 
3.21856e-017 
0 


12.3068 
7.53969 
1.68852 
0.138789 
0.00419316 
4.65903e-005 
1.90417e-007 
2.86287e-010 
1.58342e-013 
3.22178e-017 
0 


12.3116 
7.54554 
1.69007 
0.138924 
0.0041973 
4.66367e-005 
1.90607e-007 
2.86573e-010 
1.585e-013 
3.225e-017 
0 


12.3163 
7.55139 
1.69162 
0.139059 
0.00420145 
4.66831e-005 
1.90797e-007 
2.86859e-010 
1.58659e-013 
3.22823e-017 
0 


12.3211 
7.55725 
1.69318 
0.139194 
0.00420561 
4.67296e-005 
1.90987e-007 
2.87146e-010 
1.58818e-013 
3.23145e-017 
0 


12.3259 
7.56312 
1.69473 
0.139329 
0.00420977 
4.67761e-005 
1.91178e-007 
2.87433e-010 
1.58976e-013 
3.23469e-017 
0 


12.3306 
7.56898 
1.69628 
0.139464 
0.00421393 
4.68227e-005 
1.91369e-007 
2.8772e-010 
1.59135e-013 
3.23792e-017 
0 


12.3354 
7.57486 
1.69784 
0.139599 
0.0042181 
4.68693e-005 
1.9156e-007 
2.88008e-010 
1.59294e-013 
3.24116e-017 
0 


12.3401 
7.58073 
1.6994 
0.139734 
0.00422227 
4.6916e-005 
1.91751e-007 
2.88296e-010 
1.59454e-013 
3.2444e-017 
0 


12.3449 
7.58662 
1.70096 
0.13987 
0.00422644 
4.69628e-005 
1.91943e-007 
2.88584e-010 
1.59613e-013 
3.24764e-017 
0 


12.3497 
7.5925 
1.70252 
0.140005 
0.00423062 
4.70095e-005 
1.92135e-007 
2.88872e-010 
1.59773e-013 
3.25089e-017 
0 


12.3544 
7.59839 
1.70408 
0.140141 
0.00423481 
4.70563e-005 
1.92326e-007 
2.89161e-010 
1.59932e-013 
3.25414e-017 
0 


12.3592 
7.60429 
1.70565 
0.140277 
0.00423899 
4.71032e-005 
1.92518e-007 
2.8945e-010 
1.60092e-013 
3.2574e-017 
0 


12.3639 
7.61018 
1.70721 
0.140413 
0.00424319 
4.71501e-005 
1.92711e-007 
2.89739e-010 
1.60252e-013 
3.26065e-017 
0 


12.3687 
7.61609 
1.70878 
0.140549 
0.00424738 
4.71971e-005 
1.92903e-007 
2.90029e-010 
1.60413e-013 
3.26391e-017 
0 


12.3734 
7.62199 
1.71035 
0.140686 
0.00425158 
4.72441e-005 
1.93096e-007 
2.90319e-010 
1.60573e-013 
3.26718e-017 
0 


12.3782 
7.62791 
1.71192 
0.140822 
0.00425579 
4.72911e-005 
1.93288e-007 
2.90609e-010 
1.60733e-013 
3.27045e-017 
0 


12.3829 
7.63382 
1.71349 
0.140959 
0.00426 
4.73382e-005 
1.93481e-007 
2.90899e-010 
1.60894e-013 
3.27372e-017 
0 


12.3877 
7.63974 
1.71506 
0.141095 
0.00426421 
4.73854e-005 
1.93675e-007 
2.9119e-010 
1.61055e-013 
3.27699e-017 
0 


12.3924 
7.64567 
1.71663 
0.141232 
0.00426843 
4.74326e-005 
1.93868e-007 
2.91481e-010 
1.61216e-013 
3.28027e-017 
0 


12.3972 
7.6516 
1.71821 
0.141369 
0.00427265 
4.74798e-005 
1.94062e-007 
2.91772e-010 
1.61377e-013 
3.28355e-017 
0 


12.4019 
7.65753 
1.71979 
0.141506 
0.00427687 
4.75271e-005 
1.94255e-007 
2.92064e-010 
1.61539e-013 
3.28683e-017 
0 


12.4067 
7.66347 
1.72137 
0.141643 
0.0042811 
4.75744e-005 
1.94449e-007 
2.92356e-010 
1.617e-013 
3.29012e-017 
0 


12.4114 
7.66941 
1.72294 
0.141781 
0.00428533 
4.76218e-005 
1.94644e-007 
2.92648e-010 
1.61862e-013 
3.29341e-017 
0 


12.4162 
7.67536 
1.72453 
0.141918 
0.00428957 
4.76692e-005 
1.94838e-007 
2.92941e-010 
1.62024e-013 
3.2967e-017 
0 


12.4209 
7.68131 
1.72611 
0.142056 
0.00429381 
4.77167e-005 
1.95032e-007 
2.93233e-010 
1.62186e-013 
3.3e-017 
0 


12.4256 
7.68726 
1.72769 
0.142194 
0.00429806 
4.77642e-005 
1.95227e-007 
2.93526e-010 
1.62348e-013 
3.3033e-017 
0 


12.4304 
7.69322 
1.72928 
0.142332 
0.00430231 
4.78118e-005 
1.95422e-007 
2.9382e-010 
1.6251e-013 
3.3066e-017 
0 


12.4351 
7.69919 
1.73087 
0.14247 
0.00430656 
4.78594e-005 
1.95617e-007 
2.94113e-010 
1.62673e-013 
3.30991e-017 
0 


12.4399 
7.70515 
1.73245 
0.142608 
0.00431082 
4.79071e-005 
1.95813e-007 
2.94407e-010 
1.62835e-013 
3.31322e-017 
0 


12.4446 
7.71113 
1.73404 
0.142746 
0.00431509 
4.79548e-005 
1.96008e-007 
2.94702e-010 
1.62998e-013 
3.31653e-017 
0 


12.4493 
7.7171 
1.73563 
0.142885 
0.00431935 
4.80025e-005 
1.96204e-007 
2.94996e-010 
1.63161e-013 
3.31985e-017 
0 


12.4541 
7.72309 
1.73723 
0.143023 
0.00432362 
4.80503e-005 
1.964e-007 
2.95291e-010 
1.63324e-013 
3.32317e-017 
0 


12.4588 
7.72907 
1.73882 
0.143162 
0.0043279 
4.80982e-005 
1.96596e-007 
2.95586e-010 
1.63487e-013 
3.32649e-017 
0 


12.4635 
7.73506 
1.74042 
0.143301 
0.00433218 
4.81461e-005 
1.96792e-007 
2.95881e-010 
1.63651e-013 
3.32982e-017 
0 


12.4682 
7.74106 
1.74201 
0.14344 
0.00433646 
4.81941e-005 
1.96989e-007 
2.96177e-010 
1.63814e-013 
3.33315e-017 
0 


12.473 
7.74706 
1.74361 
0.143579 
0.00434075 
4.8242e-005 
1.97185e-007 
2.96473e-010 
1.63978e-013 
3.33648e-017 
0 


12.4777 
7.75306 
1.74521 
0.143718 
0.00434504 
4.82901e-005 
1.97382e-007 
2.9677e-010 
1.64142e-013 
3.33982e-017 
0 


12.4824 
7.75907 
1.74681 
0.143857 
0.00434934 
4.83382e-005 
1.97579e-007 
2.97066e-010 
1.64306e-013 
3.34316e-017 
0 


12.4871 
7.76508 
1.74842 
0.143997 
0.00435364 
4.83863e-005 
1.97777e-007 
2.97363e-010 
1.64471e-013 
3.3465e-017 
0 


12.4919 
7.7711 
1.75002 
0.144136 
0.00435795 
4.84345e-005 
1.97974e-007 
2.9766e-010 
1.64635e-013 
3.34985e-017 
0 


12.4966 
7.77712 
1.75163 
0.144276 
0.00436226 
4.84828e-005 
1.98172e-007 
2.97958e-010 
1.648e-013 
3.35319e-017 
0 


12.5013 
7.78314 
1.75324 
0.144416 
0.00436657 
4.8531e-005 
1.9837e-007 
2.98256e-010 
1.64964e-013 
3.35655e-017 
0 


12.506 
7.78917 
1.75484 
0.144556 
0.00437089 
4.85794e-005 
1.98568e-007 
2.98554e-010 
1.65129e-013 
3.3599e-017 
0 


12.5107 
7.79521 
1.75645 
0.144696 
0.00437521 
4.86277e-005 
1.98766e-007 
2.98852e-010 
1.65294e-013 
3.36326e-017 
0 


12.5155 
7.80124 
1.75807 
0.144837 
0.00437954 
4.86762e-005 
1.98964e-007 
2.99151e-010 
1.6546e-013 
3.36663e-017 
0 


12.5202 
7.80729 
1.75968 
0.144977 
0.00438387 
4.87247e-005 
1.99163e-007 
2.9945e-010 
1.65625e-013 
3.36999e-017 
0 


12.5249 
7.81334 
1.76129 
0.145118 
0.0043882 
4.87732e-005 
1.99362e-007 
2.99749e-010 
1.65791e-013 
3.37336e-017 
0 


12.5296 
7.81939 
1.76291 
0.145259 
0.00439254 
4.88218e-005 
1.99561e-007 
3.00049e-010 
1.65956e-013 
3.37674e-017 
0 


12.5343 
7.82544 
1.76453 
0.145399 
0.00439689 
4.88704e-005 
1.9976e-007 
3.00348e-010 
1.66122e-013 
3.38011e-017 
0 


12.539 
7.83151 
1.76615 
0.14554 
0.00440124 
4.8919e-005 
1.9996e-007 
3.00649e-010 
1.66288e-013 
3.38349e-017 
0 


12.5437 
7.83757 
1.76777 
0.145682 
0.00440559 
4.89678e-005 
2.00159e-007 
3.00949e-010 
1.66455e-013 
3.38688e-017 
0 


12.5484 
7.84364 
1.76939 
0.145823 
0.00440994 
4.90165e-005 
2.00359e-007 
3.0125e-010 
1.66621e-013 
3.39027e-017 
0 


12.5531 
7.84971 
1.77101 
0.145964 
0.00441431 
4.90654e-005 
2.00559e-007 
3.01551e-010 
1.66788e-013 
3.39366e-017 
0 


12.5578 
7.85579 
1.77264 
0.146106 
0.00441867 
4.91142e-005 
2.0076e-007 
3.01852e-010 
1.66954e-013 
3.39705e-017 
0 


12.5625 
7.86188 
1.77426 
0.146247 
0.00442304 
4.91631e-005 
2.0096e-007 
3.02154e-010 
1.67121e-013 
3.40045e-017 
0 


12.5672 
7.86796 
1.77589 
0.146389 
0.00442741 
4.92121e-005 
2.01161e-007 
3.02456e-010 
1.67288e-013 
3.40385e-017 
0 


12.5719 
7.87406 
1.77752 
0.146531 
0.00443179 
4.92611e-005 
2.01361e-007 
3.02758e-010 
1.67456e-013 
3.40725e-017 
0 


12.5766 
7.88015 
1.77915 
0.146673 
0.00443617 
4.93102e-005 
2.01563e-007 
3.03061e-010 
1.67623e-013 
3.41066e-017 
0 


12.5813 
7.88625 
1.78079 
0.146816 
0.00444056 
4.93593e-005 
2.01764e-007 
3.03364e-010 
1.67791e-013 
3.41407e-017 
0 


12.586 
7.89236 
1.78242 
0.146958 
0.00444495 
4.94084e-005 
2.01965e-007 
3.03667e-010 
1.67958e-013 
3.41748e-017 
0 


12.5907 
7.89847 
1.78406 
0.1471 
0.00444935 
4.94576e-005 
2.02167e-007 
3.0397e-010 
1.68126e-013 
3.4209e-017 
0 


12.5954 
7.90458 
1.78569 
0.147243 
0.00445375 
4.95069e-005 
2.02369e-007 
3.04274e-010 
1.68294e-013 
3.42432e-017 
0 


12.6001 
7.9107 
1.78733 
0.147386 
0.00445815 
4.95562e-005 
2.02571e-007 
3.04578e-010 
1.68463e-013 
3.42774e-017 
0 


12.6048 
7.91683 
1.78897 
0.147529 
0.00446256 
4.96055e-005 
2.02773e-007 
3.04883e-010 
1.68631e-013 
3.43117e-017 
0 


12.6095 
7.92295 
1.79061 
0.147672 
0.00446697 
4.9655e-005 
2.02976e-007 
3.05188e-010 
1.688e-013 
3.4346e-017 
0 


12.6142 
7.92909 
1.79225 
0.147815 
0.00447139 
4.97044e-005 
2.03178e-007 
3.05493e-010 
1.68969e-013 
3.43804e-017 
0 


12.6189 
7.93522 
1.7939 
0.147958 
0.00447581 
4.97539e-005 
2.03381e-007 
3.05798e-010 
1.69137e-013 
3.44148e-017 
0 


12.6235 
7.94136 
1.79555 
0.148102 
0.00448024 
4.98035e-005 
2.03584e-007 
3.06103e-010 
1.69307e-013 
3.44492e-017 
0 


12.6282 
7.94751 
1.79719 
0.148246 
0.00448467 
4.98531e-005 
2.03787e-007 
3.06409e-010 
1.69476e-013 
3.44836e-017 
0 


12.6329 
7.95366 
1.79884 
0.148389 
0.0044891 
4.99027e-005 
2.03991e-007 
3.06716e-010 
1.69645e-013 
3.45181e-017 
0 


12.6376 
7.95981 
1.80049 
0.148533 
0.00449354 
4.99524e-005 
2.04195e-007 
3.07022e-010 
1.69815e-013 
3.45526e-017 
0 


12.6423 
7.96597 
1.80214 
0.148677 
0.00449799 
5.00022e-005 
2.04399e-007 
3.07329e-010 
1.69985e-013 
3.45872e-017 
0 


12.6469 
7.97214 
1.8038 
0.148821 
0.00450243 
5.00519e-005 
2.04603e-007 
3.07636e-010 
1.70155e-013 
3.46218e-017 
0 


12.6516 
7.97831 
1.80545 
0.148966 
0.00450689 
5.01018e-005 
2.04807e-007 
3.07944e-010 
1.70325e-013 
3.46564e-017 
0 


12.6563 
7.98448 
1.80711 
0.14911 
0.00451134 
5.01517e-005 
2.05011e-007 
3.08251e-010 
1.70495e-013 
3.4691e-017 
0 


